-1.52,1.31,-4.25,-0.12,-0.15,0.06,3.06,7.38,23.12,0.02,0.03,0.00
-3.75,2.77,-8.71,-0.41,-0.46,0.04,1.27,6.60,5.19,0.09,0.04,0.01
-5.36,3.71,-7.37,-0.85,-0.59,-0.27,2.65,2.40,4.55,0.18,0.02,0.07
-7.35,4.52,-4.20,-0.83,-0.36,-0.56,3.01,1.51,4.80,0.16,0.06,0.02
-8.72,3.59,-2.02,-0.31,-0.04,-0.43,3.20,1.79,0.62,0.10,0.02,0.04
-8.65,2.01,-2.15,0.14,0.10,-0.16,3.39,1.07,0.72,0.06,0.02,0.02
-8.64,2.19,-3.75,0.25,0.00,0.03,3.50,1.63,1.68,0.02,0.03,0.02
-8.30,2.95,-4.45,0.03,0.02,0.10,3.66,0.62,0.87,0.03,0.03,0.00
-7.99,3.59,-4.18,-0.13,0.13,0.07,2.85,1.48,0.63,0.02,0.00,0.00
-8.24,4.07,-4.10,-0.04,0.05,0.07,2.72,1.14,0.64,0.02,0.00,0.00
-7.69,3.50,-3.95,0.06,-0.04,0.13,2.11,0.72,0.60,0.00,0.00,0.01
-6.13,3.03,-4.16,-0.01,-0.16,0.48,6.11,1.26,0.72,0.02,0.01,0.15
-2.07,-1.23,0.59,-1.37,-0.94,1.95,24.52,28.37,64.22,3.65,0.76,2.56
-7.42,-3.95,10.24,-1.69,1.27,1.96,84.90,97.89,74.57,6.37,11.95,7.94
-13.09,0.40,10.66,-0.04,1.56,0.62,49.45,159.78,82.37,4.44,11.11,6.35
-8.50,3.60,7.59,1.23,-0.45,-0.27,44.36,67.86,51.82,0.89,1.41,1.41
-6.06,2.71,5.85,1.75,0.23,-0.77,2.65,3.52,10.89,0.14,0.02,0.09
-6.04,0.82,0.40,1.26,0.34,-0.27,2.10,1.43,10.90,0.46,0.04,0.10
-8.14,1.89,-2.60,0.37,0.16,0.04,7.32,4.74,2.75,0.43,0.08,0.02
-8.59,4.11,-2.71,-0.11,0.03,-0.01,5.51,0.90,0.75,0.01,0.01,0.02
-7.24,4.79,-2.75,-0.07,0.05,-0.00,2.04,1.04,0.44,0.00,0.01,0.01
-6.83,5.71,-3.17,0.12,-0.04,0.20,2.82,1.49,0.38,0.04,0.00,0.03
-3.49,4.18,-3.16,0.20,-0.53,1.01,10.24,8.20,2.31,0.12,0.37,0.77
-6.48,-0.81,5.70,-1.11,-0.15,2.75,51.27,74.65,85.66,4.48,6.24,1.50
-12.22,-5.13,8.92,-1.05,1.88,1.61,58.25,105.05,106.32,6.99,11.23,7.00
-10.23,1.84,7.55,0.58,0.83,-0.43,65.87,115.65,92.61,2.78,9.82,2.42
-7.38,6.71,8.59,1.39,-0.60,-0.50,22.47,18.51,18.58,0.54,1.03,0.41
-6.10,2.02,2.77,1.70,0.21,-0.48,1.62,2.55,10.77,0.22,0.01,0.10
-7.39,1.72,-2.02,0.87,0.05,-0.01,5.86,2.78,7.13,0.52,0.04,0.07
-8.58,3.00,-3.81,0.08,-0.05,0.06,4.10,2.17,1.99,0.04,0.02,0.03
-7.70,4.17,-3.39,-0.07,0.00,-0.05,2.57,1.41,0.56,0.01,0.00,0.00
-7.27,5.18,-3.34,-0.02,-0.04,0.07,1.93,0.97,0.42,0.01,0.00,0.01
-5.49,4.70,-4.29,0.13,-0.14,0.51,6.13,2.73,2.03,0.02,0.04,0.25
-4.83,-1.28,1.10,-1.20,-0.88,2.22,28.82,58.90,79.88,4.04,0.61,2.52
-9.41,-3.14,9.47,-1.47,1.58,1.83,72.17,117.44,83.71,5.49,11.97,8.18
-11.20,3.44,9.22,0.42,2.05,0.10,71.04,95.74,84.46,2.78,9.60,4.99
-8.06,5.42,6.72,1.71,-0.18,-0.29,36.94,12.15,41.91,0.58,0.63,0.62
-6.37,2.58,4.25,1.99,0.18,-0.41,1.96,4.43,9.99,0.30,0.01,0.13
-6.59,0.96,-0.61,1.11,0.03,0.04,3.62,2.46,9.37,0.47,0.06,0.05
-8.93,2.31,-3.73,0.29,-0.13,0.13,8.91,4.33,1.56,0.10,0.06,0.03
-8.96,3.47,-3.57,-0.01,-0.08,-0.03,7.07,0.80,1.18,0.02,0.02,0.02
-7.39,4.18,-3.40,-0.07,0.02,-0.02,2.12,1.59,0.75,0.01,0.00,0.01
-6.15,4.77,-4.20,0.02,-0.15,0.35,4.24,0.95,0.98,0.01,0.08,0.17
-5.03,1.14,-1.51,-0.37,-0.77,1.67,5.24,40.55,40.47,1.08,0.23,1.48
-9.52,-2.98,8.35,-1.00,0.92,2.66,36.68,83.12,87.51,3.54,9.40,3.62
-12.04,-1.97,9.99,-0.57,1.95,1.17,59.16,104.49,114.44,4.49,10.15,7.02
-9.90,3.52,6.75,0.75,0.48,-0.58,47.30,63.08,91.18,2.26,4.33,1.73
-7.47,4.71,6.62,1.81,0.29,-0.71,10.05,9.47,15.54,0.42,0.19,0.08
-5.74,1.07,1.17,1.57,0.32,-0.24,2.79,3.25,16.01,0.49,0.08,0.11
-8.38,1.07,-3.44,0.60,-0.02,0.13,10.81,2.31,5.80,0.26,0.09,0.04
-9.21,2.22,-4.12,0.13,-0.12,0.07,6.26,0.75,1.24,0.02,0.02,0.03
-7.89,3.01,-3.97,-0.01,-0.04,0.02,2.37,1.21,0.73,0.01,0.00,0.01
-7.49,3.92,-4.97,0.06,0.02,0.36,3.35,1.04,2.15,0.03,0.00,0.14
-3.62,-1.53,-1.27,-0.59,-0.57,1.80,13.48,56.14,65.88,2.33,0.74,2.32
-5.52,-7.08,9.10,-1.31,1.35,2.56,55.44,85.81,93.24,6.00,13.50,8.02
-11.16,-3.78,10.04,-0.45,2.00,1.07,64.90,124.71,99.38,6.15,12.06,8.66
-9.78,2.48,5.56,1.17,0.44,-0.47,47.45,66.23,67.90,2.07,1.95,0.84
-6.71,2.61,4.21,1.83,0.58,-0.38,8.89,12.75,10.34,0.32,0.10,0.44
-7.36,0.59,-0.54,1.21,0.09,0.27,9.72,1.00,10.70,0.38,0.11,0.03
-9.42,2.00,-3.60,0.45,-0.13,0.21,9.91,1.28,2.03,0.13,0.03,0.04
-8.45,2.98,-3.75,0.06,-0.06,-0.00,6.47,1.32,0.74,0.02,0.01,0.02
-7.46,4.13,-3.82,0.00,-0.06,0.05,2.17,1.46,0.76,0.01,0.00,0.02
-7.36,4.21,-3.89,0.13,-0.10,0.25,2.08,1.30,0.61,0.01,0.01,0.02
-4.72,2.15,-3.44,-0.24,-0.50,0.89,8.59,2.82,2.45,0.35,0.23,0.54
-5.26,-0.76,4.50,-1.33,-0.79,2.85,46.19,37.91,75.74,2.99,2.67,3.25
-9.59,-4.76,8.66,-0.67,1.16,2.08,93.80,84.29,101.61,7.58,12.10,9.36
-11.07,-1.26,7.87,0.84,1.36,-0.41,66.44,139.01,93.83,4.13,9.33,3.84
-7.67,3.65,7.38,1.62,0.07,-0.56,22.15,63.66,23.51,1.10,0.72,0.24
-5.14,1.47,1.64,1.66,0.12,-0.11,2.34,3.69,8.50,0.48,0.18,0.13
-8.67,1.92,-2.46,0.76,-0.31,0.22,11.38,2.99,3.81,0.21,0.03,0.01
-9.40,3.12,-3.61,0.23,-0.22,0.12,7.84,0.94,0.83,0.06,0.04,0.02
-7.52,3.80,-3.41,-0.05,-0.04,0.01,2.37,1.98,0.56,0.02,0.00,0.00
-7.36,5.04,-3.48,-0.06,-0.02,0.11,1.95,1.13,0.47,0.01,0.00,0.01
-4.80,3.91,-3.86,0.07,-0.23,0.71,8.90,4.71,1.24,0.03,0.10,0.50
-5.04,-2.31,2.80,-1.67,-0.63,2.41,37.96,64.75,78.71,5.77,0.83,2.40
-11.51,-6.66,8.64,-1.47,1.78,1.81,50.59,96.55,113.55,10.03,12.10,7.73
-12.92,-2.14,9.12,0.54,1.69,-0.05,36.82,127.79,106.72,4.07,12.69,4.64
-7.61,2.58,9.58,1.57,-0.09,-0.38,32.53,56.64,20.86,1.59,1.69,0.93
-4.79,1.27,4.53,2.09,0.48,-0.17,1.17,6.15,17.27,0.50,0.15,0.26
-7.80,0.97,-1.52,0.99,-0.16,0.33,14.13,5.06,9.20,0.64,0.11,0.03
-9.51,2.93,-3.73,0.19,-0.22,0.14,8.28,2.37,1.41,0.08,0.06,0.07
-7.58,4.07,-3.50,-0.08,-0.02,-0.07,3.57,1.95,0.69,0.01,0.00,0.01
-7.04,5.16,-3.28,-0.04,-0.05,0.08,1.99,1.26,0.54,0.02,0.00,0.02
-4.87,5.29,-3.87,0.11,-0.31,0.73,9.24,1.74,1.60,0.01,0.14,0.45
-4.80,-1.29,2.85,-1.48,-0.96,2.50,45.69,90.13,86.60,5.78,1.48,2.56
-10.44,-5.30,8.90,-1.42,1.50,2.11,75.44,103.65,102.15,8.93,12.28,6.70
-9.71,1.41,8.58,0.46,1.77,0.24,76.78,113.47,88.00,3.20,9.83,3.77
-5.60,5.05,8.07,1.60,-0.23,-0.31,34.14,48.45,20.27,1.12,0.61,0.63
-5.53,2.67,3.59,1.98,0.24,-0.36,1.23,6.82,10.28,0.49,0.02,0.09
-6.48,1.14,-1.82,0.90,-0.03,0.04,7.46,1.80,8.54,0.43,0.05,0.03
-8.77,2.76,-4.30,0.14,-0.12,0.09,10.72,3.73,1.69,0.10,0.04,0.02
-8.31,4.19,-3.87,-0.08,-0.03,-0.03,7.19,1.14,0.99,0.01,0.02,0.01
-6.94,4.66,-3.65,0.01,-0.03,0.09,1.83,1.20,0.58,0.01,0.00,0.03
-4.37,4.31,-4.97,0.22,-0.46,0.89,12.49,2.44,3.43,0.03,0.35,0.76
-5.13,-2.87,3.48,-0.77,-0.08,2.97,50.77,83.88,110.58,4.93,8.08,3.71
-8.99,-8.30,9.49,-1.10,2.10,1.90,103.28,86.06,78.53,7.64,13.18,9.69
-8.66,0.60,7.73,0.43,1.30,-0.46,74.15,108.56,59.96,4.03,8.94,2.26
-7.18,6.18,7.49,1.70,-0.37,-0.41,6.42,9.38,13.17,0.49,0.46,0.11
-5.74,1.96,2.37,1.63,0.24,-0.33,1.60,5.79,12.68,0.59,0.02,0.03
-7.49,1.50,-2.86,0.42,0.06,-0.02,9.87,4.08,7.78,0.52,0.08,0.03
-9.43,3.16,-4.20,-0.11,-0.03,0.03,6.29,2.35,2.13,0.04,0.04,0.02
-8.38,3.28,-3.60,-0.04,0.06,-0.09,3.79,1.63,1.01,0.03,0.01,0.01
-7.19,4.90,-3.89,-0.10,-0.02,-0.00,2.23,4.77,0.82,0.02,0.01,0.01
-6.47,5.77,-3.55,-0.10,0.05,0.05,1.72,2.29,0.84,0.01,0.01,0.01
-7.14,5.46,-3.38,0.03,-0.00,0.06,3.02,1.80,0.65,0.02,0.02,0.01
-5.00,4.42,-3.18,0.14,-0.40,0.49,14.94,4.52,0.75,0.04,0.15,0.24
-3.78,-1.37,2.69,-1.26,-1.32,2.17,42.19,57.28,64.01,4.50,1.11,2.69
-10.34,-4.48,9.18,-1.30,1.32,1.76,67.80,110.26,89.86,7.39,13.90,7.37
-9.95,2.10,9.35,0.58,1.78,0.18,63.81,114.17,84.91,3.45,10.73,3.85
-6.03,6.86,8.02,1.66,-0.58,-0.15,29.09,16.56,31.37,0.59,0.51,0.48
-6.46,2.98,4.26,1.67,0.11,-0.54,2.44,13.08,14.85,0.51,0.07,0.02
-6.98,1.20,-1.49,0.63,0.14,-0.23,9.10,4.32,9.09,0.34,0.06,0.08
-8.59,2.62,-3.42,0.09,0.03,-0.08,9.32,2.26,1.62,0.03,0.03,0.02
-8.30,4.11,-2.95,-0.10,0.02,-0.15,4.49,3.48,1.64,0.02,0.01,0.02
-7.27,5.61,-3.23,-0.01,0.03,-0.00,3.01,2.05,1.59,0.04,0.01,0.03
-6.63,5.35,-3.42,0.23,-0.02,0.42,2.46,1.98,0.75,0.01,0.02,0.12
-4.87,2.83,-3.71,-0.00,-0.45,1.11,4.78,15.26,5.64,0.30,0.18,0.34
-7.01,-2.80,5.60,-1.56,0.26,2.31,51.75,79.21,101.71,6.24,6.57,1.37
-10.10,-5.65,9.12,-1.32,1.61,1.46,93.03,105.00,101.52,8.15,10.38,4.36
-9.53,1.95,7.16,0.98,0.68,-0.36,59.71,102.20,84.48,2.40,6.71,1.13
-7.92,5.69,7.16,1.78,-0.14,-0.43,7.24,18.49,26.41,0.46,0.49,0.08
-6.95,1.31,0.13,1.27,0.16,-0.08,3.08,3.47,12.99,0.47,0.05,0.10
-8.13,1.80,-2.96,0.41,-0.09,0.13,3.70,3.67,2.74,0.20,0.04,0.02
-8.11,4.09,-3.18,-0.00,-0.13,0.01,2.85,1.42,0.43,0.01,0.01,0.01
-7.45,5.00,-3.25,-0.02,-0.03,0.01,1.97,1.10,0.43,0.00,0.00,0.01
-6.03,4.65,-3.84,0.05,-0.07,0.31,5.13,1.33,1.38,0.01,0.02,0.14
-3.56,1.33,-1.39,-0.50,-0.76,1.66,13.89,36.94,40.07,1.27,0.57,1.99
