1	-2093	1241	-743	-994	-588	-1373
2	-2083	1257	-625	-904	-324	-1421
3	-2110	1247	-577	-775	-174	-1440
4	-2130	1247	-563	-678	-85	-1429
5	-2127	1198	-534	-586	4	-1422
6	-2134	1146	-488	-505	81	-1418
7	-2131	1060	-408	-450	164	-1400
8	-2107	1003	-447	-425	245	-1372
9	-2118	935	-420	-441	325	-1330
10	-2043	962	-507	-401	405	-1301
11	-1948	947	-567	-367	459	-1248
12	-1950	957	-563	-308	511	-1195
13	-1940	938	-551	-237	549	-1127
14	-1911	865	-567	-183	579	-1043
15	-1905	804	-626	-146	610	-958
16	-1831	765	-677	-119	628	-865
17	-1781	714	-719	-90	621	-781
18	-1900	587	-836	-238	508	-333
19	-2049	650	-836	-234	425	-87
20	-2099	669	-853	-168	391	-20
21	-2226	638	-854	-114	358	16
22	-2292	654	-856	-58	337	37
23	-2306	715	-826	39	310	49
24	-2338	733	-814	148	282	58
25	-2356	707	-821	231	246	61
26	-2441	625	-779	273	191	60
27	-2499	512	-721	253	144	56
28	-2577	467	-680	176	107	41
29	-2565	440	-684	83	80	30
30	-2583	462	-728	10	75	7
31	-2575	535	-746	-32	69	-14
32	-2550	653	-754	0	75	-24
33	-2585	680	-723	71	70	-30
34	-2618	614	-668	142	65	-32
35	-2602	551	-608	173	67	-33
36	-2409	434	-723	57	129	5
37	-2376	473	-722	61	135	38
38	-2391	458	-673	71	112	73
39	-2444	412	-610	56	100	104
40	-2453	400	-566	27	90	113
41	-2442	413	-567	20	97	123
42	-2318	573	-600	162	127	120
43	-2301	558	-563	252	134	100
44	-2313	526	-524	301	123	79
45	-2324	450	-504	310	93	64
46	-2340	381	-503	287	56	55
47	-2345	319	-514	245	21	55
48	-2321	312	-520	205	-8	53
49	-2250	363	-582	192	-29	52
50	-2239	405	-634	231	-52	43
51	-2235	372	-635	275	-65	25
52	-2233	368	-630	321	-77	20
53	-2304	316	-587	328	-97	29
54	-2395	200	-602	293	-77	34
55	-2363	214	-647	325	-60	25
56	-2396	169	-583	328	-36	24
57	-2405	171	-553	284	-25	40
58	-2386	200	-536	250	-4	47
59	-2361	229	-571	219	7	54
60	-2338	280	-617	198	16	48
61	-2293	368	-653	202	15	48
62	-2317	412	-653	226	-1	50
63	-2315	439	-649	249	-11	45
64	-2347	438	-651	263	-23	43
65	-2417	389	-637	240	-59	26
66	-2474	486	-787	52	-203	23
67	-2484	570	-911	10	-246	28
68	-2506	640	-1006	-7	-255	13
69	-2543	691	-1022	4	-224	1
70	-2528	771	-1058	25	-183	-21
71	-2331	922	-1174	103	-80	44
72	-2240	960	-1153	101	-92	146
73	-2193	970	-1133	105	-102	214
74	-2212	946	-1136	86	-111	264
75	-2263	989	-1166	36	-103	326
76	-2254	1045	-1166	45	-83	344
77	-2237	1112	-1158	92	-56	348
78	-2181	1154	-1194	172	-27	340
79	-2119	1161	-1208	243	0	317
80	-2111	1119	-1171	306	19	285
81	-2066	1100	-1128	344	37	246
82	-2034	1076	-1098	377	46	202
83	-2029	1030	-1041	386	58	149
84	-2000	942	-1015	375	62	105
85	-1994	838	-1001	316	59	69
86	-1978	779	-951	220	60	50
87	-1931	769	-955	115	63	41
88	-1907	755	-954	11	60	44
89	-1815	1009	-1049	-113	145	109
90	-1789	1021	-1082	-83	164	90
91	-1809	999	-1120	-84	179	60
92	-1819	970	-1163	-100	187	27
93	-1810	952	-1192	-132	188	-48
94	-1785	955	-1198	-126	172	-87
95	-1788	965	-1197	-109	150	-98
96	-1784	963	-1161	-77	125	-102
97	-1831	939	-1136	-45	91	-101
98	-1880	920	-1097	-33	32	-80
99	-1901	869	-1032	-37	-25	-34
100	-1935	851	-1004	-61	-82	18
101	-2003	821	-963	-107	-136	68
102	-2094	766	-928	-179	-173	124
103	-2172	826	-936	-229	-200	179
104	-2279	866	-952	-255	-219	220
105	-2394	907	-977	-254	-222	235
106	-2694	879	-865	40	-112	163
107	-2678	778	-783	196	-13	106
108	-2571	577	-809	242	32	91
109	-2592	417	-799	200	56	72
110	-2516	365	-718	121	82	43
111	-2393	331	-718	-6	112	30
112	1	1	-1	1	1	-1
113	-2117	549	-906	181	159	90
114	-2071	579	-887	332	163	124
115	-2016	540	-843	441	165	145
116	-1998	468	-810	486	159	151
117	-2007	433	-742	480	149	136
118	-1995	443	-721	435	124	118
119	-2015	457	-696	429	98	103
120	-2033	477	-681	440	66	82
121	-2039	459	-713	461	28	55
122	-2091	450	-693	468	-26	52
123	-2271	464	-594	422	-196	60
124	-2538	253	-915	-346	-362	122
125	-2590	410	-1016	-520	-312	87
126	-2623	626	-1190	-602	-259	61
127	-2707	834	-1335	-588	-217	59
128	-2743	932	-1437	-492	-182	52
129	-2737	974	-1456	-383	-143	42
130	-2667	965	-1383	-267	-87	46
131	-2595	1055	-1340	-187	-35	53
132	-2482	1115	-1344	-127	15	70
133	-2405	1127	-1368	-72	63	79
134	-2389	1063	-1330	-12	95	72
135	-2329	1070	-1249	52	148	44
136	-2204	979	-1128	270	230	-53
137	-2136	889	-1096	353	245	-70
138	-2123	744	-1005	395	249	-79
139	-2093	610	-898	379	255	-73
140	-2052	529	-834	320	247	-46
141	-2038	525	-815	249	227	-13
142	-1989	535	-909	40	41	85
143	-1977	580	-949	-14	21	95
144	-2024	647	-960	-35	13	94
145	-2049	711	-968	-56	10	93
146	-2105	729	-961	-78	5	95
147	-2135	763	-979	-115	3	88
148	-2109	896	-1046	-99	4	58
149	-2079	946	-1126	-62	-16	26
150	-2086	940	-1158	-30	-23	-1
151	-2100	915	-1166	7	-25	-18
152	-2139	900	-1144	43	-37	-28
153	-2152	877	-1138	79	-46	-21
154	-2143	850	-1149	118	-48	-13
155	-2140	810	-1135	144	-51	4
156	-2130	790	-1110	170	-47	30
157	-2137	781	-1094	184	-56	57
158	-2185	777	-1064	193	-61	82
159	-2148	745	-1107	48	-74	85
160	-2147	764	-1073	55	-62	74
161	-2169	765	-1047	77	-55	79
162	-2204	742	-996	89	-39	81
163	-2282	647	-974	81	-34	67
164	-2304	574	-967	56	-32	54
165	-2325	567	-1001	10	-37	32
166	-2334	550	-1041	-32	-46	23
167	-2363	548	-1019	-62	-53	15
168	-2403	494	-1019	-84	-43	17
169	-2407	445	-982	-123	-39	21
170	-2450	392	-970	-178	-24	31
171	-2496	365	-943	-247	-5	32
172	-2515	405	-889	-290	14	24
173	-2503	455	-913	-310	39	25
174	-2520	452	-934	-321	59	22
175	-2504	463	-957	-325	95	4
176	-2465	457	-965	-333	132	-16
177	0	0	0	0	0	0
178	-2329	407	-875	-88	244	-162
179	-2261	399	-822	-71	246	-189
180	-2207	409	-805	-62	256	-214
181	-2127	399	-785	-60	265	-244
182	-1991	381	-731	-64	265	-320
183	-1988	380	-730	-68	253	-331
184	-2026	388	-738	-70	233	-334
185	-2078	421	-742	-110	165	-307
186	-2091	434	-774	-173	113	-276
187	-2088	446	-796	-247	63	-244
188	-2084	484	-840	-343	27	-201
189	-2088	505	-879	-454	-4	-145
190	-2111	559	-928	-573	-22	-94
191	-2207	794	-1062	-719	-24	2
192	-2273	952	-1114	-748	-11	48
193	-2314	1096	-1144	-743	16	83
194	-2081	1510	-1248	-552	162	142
195	-2053	1534	-1263	-455	169	135
196	-2046	1531	-1306	-362	160	128
197	-2030	1479	-1328	-271	144	119
198	-2012	1386	-1299	-200	122	120
199	-1992	1296	-1259	-144	101	135
200	-1985	1233	-1218	-119	90	162
201	-1929	1250	-1161	-77	74	222
202	-1890	1318	-1115	-44	64	254
203	-1819	1361	-1073	29	7	305
204	-1788	1408	-1051	59	-38	316
205	-1742	1548	-1030	154	-159	363
206	-1774	1625	-1059	232	-204	374
207	-1788	1690	-1087	311	-246	388
208	-1810	1705	-1101	412	-290	405
209	-1849	1707	-1124	517	-340	410
210	-1898	1694	-1117	754	-429	420
211	-1959	1647	-1112	897	-480	428
212	-2119	1469	-984	1346	-692	470
213	-2112	1395	-936	1429	-747	470
214	-2063	1338	-894	1490	-799	485
215	-2011	1356	-850	1560	-856	500
216	-1972	1403	-837	1656	-932	522
217	-1992	1443	-688	1912	-1073	568
218	-1992	1409	-553	2071	-1155	600
219	-1975	1253	-412	2260	-1264	635
220	-1958	1160	-374	2316	-1306	653
221	0	0	0	0	0	0
222	-1934	1051	-306	2398	-1388	704
223	-1954	953	-241	2515	-1453	760
224	-1955	868	-179	2580	-1470	782
225	0	0	0	0	0	0
226	-1965	774	-83	2702	-1483	829
227	-1984	683	2	2779	-1481	892
228	-2032	649	78	2794	-1484	945
229	-1908	399	183	3029	-1489	1394
230	-1996	114	227	3029	-1498	1433
231	-2174	-198	275	2898	-1484	1501
232	-2650	-576	230	2306	-1371	1680
233	-3040	-603	328	1925	-1228	1790
234	-3388	-554	361	1621	-1099	1883
235	-3684	-526	361	1371	-935	1945
236	-3851	-452	246	1186	-742	1985
237	-4051	-226	-4	1030	-235	1978
238	-4236	-161	-71	1020	103	1935
239	-4396	-148	13	1023	401	1835
240	-4598	-243	215	1015	647	1726
241	-4916	-331	390	955	886	1552
242	-4962	-393	521	852	1137	1343
243	-5017	-507	554	694	1435	1116
244	-4830	-590	479	461	1792	867
245	-5637	-1648	975	-289	2423	395
246	-6449	-2683	1902	-1028	2807	-9
247	-16743	-5382	7148	-8167	9124	-3540
248	-14812	-2071	5434	-7966	11367	-3725
249	0	0	0	0	0	0
250	-13881	1525	6811	-2356	13715	-2267
251	-14812	2681	9243	5463	12463	1331
252	-5090	8886	6015	10837	8909	10225
253	-32768	-20728	-19015	10340	3463	18495
254	-32768	9310	12066	-882	-3063	832
255	11898	-8871	13426	-348	-1570	-4173
256	6227	-3210	587	-227	1218	-3965
257	4517	-2724	-3708	-552	1204	-3644
258	3833	119	-3269	-1039	-224	-3100
259	2512	8156	2697	-433	-6	-4072
260	2986	5561	2047	214	631	-4373
261	2163	1518	792	-480	953	-4558
262	2651	-79	602	-1828	1147	-4574
263	2266	-132	-71	-2827	1248	-4029
264	1032	548	-898	-3709	-51	-1368
265	526	689	-1988	-3753	-296	-901
266	213	896	-2743	-3580	-685	-780
267	-118	966	-2903	-3332	-1112	-697
268	-381	726	-2725	-3211	-1513	-471
269	-1044	227	-2791	-3790	-1996	145
270	-1588	544	-3303	-4302	-2246	321
271	-1909	869	-3613	-4555	-2421	296
272	-2176	1449	-3641	-4503	-2568	197
273	-2418	1820	-3464	-4212	-2685	110
274	-2698	2063	-3073	-3859	-2738	78
275	-2669	2624	-2665	-3004	-2228	170
276	-2451	2810	-2820	-2710	-1958	55
277	-2325	2871	-2701	-2368	-1672	-161
278	-2173	2924	-2420	-1997	-1383	-385
279	-2030	3112	-2130	-1620	-1131	-558
280	-1830	3064	-1727	-782	-826	-785
281	-1700	2959	-1517	-276	-758	-955
282	-1144	2259	-1101	1307	-1146	-1526
283	-1129	1921	-963	1236	-1261	-1612
284	-1119	1706	-922	1036	-1350	-1677
285	-1105	1580	-788	642	-1461	-1747
286	-1146	1570	-771	487	-1492	-1758
287	-1182	1588	-821	443	-1498	-1762
288	-1201	1567	-799	472	-1502	-1771
289	-1284	1476	-727	514	-1488	-1794
290	-1427	1510	-526	594	-1425	-1801
291	-1525	1496	-504	610	-1374	-1756
292	-1559	1462	-523	591	-1304	-1689
293	-1562	1529	-579	573	-1246	-1627
294	-1585	1558	-605	548	-1181	-1568
295	-1627	1518	-635	511	-1120	-1520
296	-1732	1465	-604	419	-1039	-1444
297	-1812	1448	-652	431	-997	-1405
298	-1915	1245	-670	517	-958	-1415
299	-2140	954	-836	-55	-823	-1401
300	-2146	1064	-839	-52	-736	-1491
301	-2197	1071	-810	64	-695	-1552
302	-2241	1009	-747	186	-665	-1592
303	-2286	915	-661	269	-632	-1618
304	-2289	848	-634	332	-587	-1634
305	-2244	797	-628	379	-546	-1657
306	-2243	732	-634	469	-500	-1719
307	-2254	703	-591	526	-475	-1722
308	-2250	692	-551	590	-474	-1681
309	-2250	662	-483	641	-468	-1617
310	-2236	574	-483	678	-456	-1526
311	-2202	486	-520	674	-435	-1430
312	-2209	398	-524	635	-397	-1338
313	-2159	200	-566	492	-293	-1167
314	-2147	163	-615	419	-217	-1084
315	-2171	174	-635	402	-164	-1013
316	-2219	216	-650	413	-113	-945
317	-2353	-17	-735	573	-28	-549
318	-2318	-24	-746	490	-10	-481
319	0	0	0	0	0	0
320	-2400	103	-770	416	38	-360
321	-2424	296	-773	442	59	-112
322	-2336	354	-791	430	65	-26
323	-2264	395	-828	412	78	22
324	-2178	361	-817	354	98	52
325	-2249	341	-820	178	113	61
326	-2301	355	-744	95	88	52
327	-2359	304	-656	15	68	16
328	-2392	233	-646	-100	57	-36
329	-2409	203	-705	-252	35	-115
330	-2429	335	-671	-514	5	-296
331	-2445	521	-607	-615	1	-380
332	-2408	681	-632	-642	2	-432
333	-2339	892	-699	-611	1	-471
334	-2125	918	-886	16	-49	-376
335	-2099	801	-925	70	-83	-305
336	-2223	741	-943	120	-148	-168
337	-2226	711	-968	175	-169	-73
338	-2231	626	-1009	209	-183	2
339	-2225	605	-1022	251	-171	63
340	-2244	646	-979	317	-151	113
341	-2352	584	-857	529	-118	173
342	-2419	467	-757	619	-116	195
343	-2487	354	-680	638	-106	207
344	-2603	293	-506	543	-36	270
345	-2590	299	-560	517	-3	271
346	-2571	284	-596	504	27	256
347	-2553	220	-618	471	48	247
348	-2523	238	-609	457	67	234
349	-2509	203	-576	428	109	203
350	-2496	213	-591	403	126	171
351	-2449	207	-614	390	127	144
352	-2382	92	-577	226	-1	152
353	-2415	54	-556	138	-12	154
354	-2404	83	-649	-29	14	188
355	-2353	202	-733	-83	34	197
356	0	0	0	0	0	0
357	-2335	346	-804	-94	66	206
358	-2365	324	-781	-163	71	179
359	-2361	346	-788	-266	72	154
360	0	0	0	0	0	0
361	-2309	628	-816	-306	79	182
362	-2312	687	-889	-146	100	216
363	-2370	622	-882	-95	108	222
364	0	0	0	0	0	0
365	-2438	613	-885	-58	151	215
366	-2428	632	-884	-39	199	208
367	-2416	551	-909	-65	238	199
368	-2437	534	-893	-248	304	172
369	-2292	326	-861	123	413	223
370	-2341	252	-847	98	427	260
371	-2394	163	-791	27	452	288
372	-2453	50	-764	-63	509	317
373	-2476	43	-831	-195	563	332
374	-2388	134	-936	-379	608	311
375	-2363	232	-931	-438	611	278
376	-2263	308	-920	-497	601	237
377	-2260	414	-903	-555	571	192
378	-2220	600	-911	-570	527	143
379	-2224	758	-921	-545	430	49
380	-2133	813	-915	-536	373	7
381	-2066	834	-951	-532	321	-26
382	-1989	815	-958	-574	278	-53
383	-1971	897	-916	-611	257	-62
384	-2000	997	-880	-634	235	-60
385	-2024	996	-900	-643	233	-49
386	-2010	1041	-930	-640	236	-37
387	-1973	1180	-1089	-461	193	90
388	-2003	1207	-1069	-430	196	102
389	0	0	0	0	0	0
390	-2028	1280	-1124	-335	207	90
391	1	1	-1	1	1	-1
392	-1983	1233	-1123	-88	95	11
393	-2026	1183	-1159	-26	18	19
394	-2057	1091	-1158	-34	-19	20
395	-2078	1089	-1192	-53	-28	18
396	-2076	1114	-1252	-27	-26	21
397	-2063	1130	-1261	13	-12	21
398	-2070	1130	-1309	97	10	7
399	-2035	1118	-1310	123	19	-11
400	-2035	1059	-1268	127	6	-18
401	-2037	1066	-1263	133	6	-24
402	-2028	1059	-1252	146	-1	-29
403	-1981	1069	-1280	216	-22	-35
404	-1931	869	-1201	235	29	-139
405	-1923	771	-1187	238	26	-158
406	-1900	716	-1119	224	26	-171
407	-1944	691	-1055	194	30	-175
408	-1987	675	-1002	149	33	-179
409	-2029	648	-1054	43	71	-199
410	-2013	656	-1119	7	67	-223
411	-2007	729	-1132	-3	46	-254
412	-2071	691	-1093	9	25	-248
413	-2097	643	-1045	-19	3	-240
414	-2215	656	-1066	-120	-76	-235
415	-2292	592	-1058	-155	-107	-238
416	-2352	550	-1051	-198	-122	-247
417	-2434	460	-1048	-260	-129	-246
418	-2458	436	-1009	-345	-122	-258
419	-2439	500	-1137	-460	-89	-242
420	-2413	506	-1183	-474	-78	-228
421	-2404	530	-1156	-449	-59	-199
422	-2714	367	-999	-478	122	17
423	-2705	413	-1001	-483	167	31
424	-2701	457	-990	-448	199	37
425	-2680	523	-966	-372	226	28
426	-2631	523	-936	-276	241	23
427	-2530	437	-843	-181	267	17
428	-2423	270	-863	-210	278	-7
429	-2359	229	-885	-240	270	-27
430	-2344	248	-865	-244	257	-25
431	-2287	289	-858	-217	241	5
432	-2278	299	-864	-168	224	35
433	-2229	234	-848	-106	182	101
434	-2202	235	-803	-85	165	116
435	-2158	244	-796	-66	164	115
436	-2114	292	-766	-40	169	112
437	-2050	413	-807	22	166	14
438	-2000	454	-830	49	142	-34
439	-1992	413	-990	12	-75	-55
440	-1985	401	-1031	-56	-136	-12
441	-2003	420	-1057	-116	-179	39
442	-2057	449	-1108	-152	-203	89
443	-2115	465	-1169	-172	-216	127
444	-2252	583	-1263	-196	-212	195
445	-2306	673	-1321	-186	-212	214
446	-2352	823	-1324	-151	-197	215
447	-2351	919	-1336	-108	-188	190
448	-2363	979	-1295	-64	-199	172
449	-2352	1026	-1211	-20	-192	155
450	-2356	1059	-1168	29	-192	151
451	-2311	1038	-1138	95	-186	136
452	-2280	1019	-1195	138	-171	117
453	-2252	980	-1210	172	-154	107
454	-2236	922	-1186	199	-131	98
455	-2241	900	-1180	227	-102	103
456	-2287	817	-1074	233	-55	112
457	-2157	810	-1110	95	-20	95
458	-2109	869	-1083	120	-7	57
459	-2124	848	-1072	149	4	38
460	-2124	752	-980	106	43	-11
461	-2111	742	-991	59	69	-26
462	-2087	772	-999	30	82	-41
463	-2046	797	-1033	18	92	-58
464	-2065	810	-1051	15	90	-82
465	-2082	823	-1024	25	84	-101
466	-2105	808	-1012	43	68	-121
467	-2151	795	-1020	60	46	-132
468	-2152	736	-1027	76	4	-127
469	-2168	680	-1024	60	1	-116
470	-2158	675	-1054	45	-3	-102
471	-2155	681	-1053	32	-11	-89
472	-2168	711	-1057	27	-15	-73
473	-2223	669	-1065	13	-25	-53
474	-2223	675	-1081	8	-19	-43
475	-2240	653	-1170	97	4	-2
476	-2227	624	-1172	113	9	-7
477	-2218	605	-1198	127	13	-14
478	-2220	593	-1195	134	14	-35
479	-2204	599	-1167	148	8	-47
480	-2199	577	-1086	169	11	-79
481	-2197	529	-1028	155	21	-99
482	-2236	447	-979	56	38	-116
483	-2229	406	-987	-33	36	-127
484	-2233	483	-988	-173	16	-141
485	-2245	489	-994	-196	16	-153
486	-2248	493	-1000	-215	30	-166
487	-2249	500	-1007	-237	56	-177
488	-2248	518	-999	-256	81	-188
489	-2246	499	-985	-276	143	-187
490	-2247	471	-988	-313	170	-172
491	-2261	474	-993	-350	186	-161
492	-2191	487	-1012	-381	227	-170
493	-2173	473	-989	-427	245	-163
494	-2152	478	-1014	-476	266	-151
495	-2123	508	-1007	-513	278	-139
496	-2180	511	-985	-532	283	-128
497	-2194	512	-957	-555	258	-117
498	-2223	539	-984	-569	231	-108
499	-2171	580	-1025	-610	170	-86
500	-2162	621	-1040	-606	148	-82
501	-2146	659	-1040	-593	125	-74
502	-2145	672	-1039	-581	106	-71
503	-2174	738	-1035	-562	75	-74
504	-2177	730	-1071	-561	57	-74
505	-2205	769	-1095	-557	49	-69
506	-2202	797	-1143	-518	48	-62
507	-2221	803	-1250	-284	33	-88
508	-2250	739	-1200	-271	40	-92
509	-2283	687	-1193	-302	49	-103
510	-2226	920	-1328	-125	-1	-70
511	1	1	-1	1	1	-1
512	-2236	830	-1196	147	-12	-16
513	-2248	696	-1141	208	-11	7
514	-2266	582	-1093	202	-6	29
515	-2260	530	-1050	134	9	69
516	-2239	536	-1013	122	16	90
517	-2242	557	-1024	124	24	101
518	-2215	585	-1036	113	22	117
519	-2199	600	-1059	122	13	112
520	-2195	649	-1074	141	-3	111
521	-2180	680	-1058	193	-25	107
522	-2186	656	-1038	322	-72	98
523	-2179	647	-992	383	-89	92
524	-2188	655	-1013	428	-105	84
525	-2171	678	-995	466	-131	76
526	-2153	680	-1011	508	-191	50
527	-2045	1009	-1035	898	-532	149
528	-2087	991	-989	1035	-605	206
529	-2110	916	-949	1107	-668	263
530	-2114	993	-1067	1260	-817	469
531	-2132	1062	-1075	1409	-862	554
532	-2136	1099	-1032	1571	-897	623
533	-2152	1163	-983	1754	-935	707
534	-2134	1224	-941	1940	-965	783
535	-2110	1262	-577	2288	-1005	955
536	-2047	1223	-419	2437	-1009	1076
537	-1951	1168	-180	2533	-999	1199
538	-1853	1200	-30	2604	-972	1335
539	-1787	1217	56	2676	-941	1486
540	-1780	1263	240	2877	-876	1784
541	-1843	1271	337	3057	-830	1980
542	-1916	1337	394	3250	-786	2157
543	-2050	1349	456	3491	-754	2324
544	-2239	1319	484	3725	-733	2486
545	-3277	656	855	3682	-572	3442
546	-3711	783	934	3522	-489	3722
547	-3943	860	955	3497	-365	3941
548	-3851	731	833	3575	-142	3979
549	-3743	-707	605	3554	234	3455
550	-4083	-2044	844	3012	492	2917
551	-4543	-3477	892	2099	782	2341
552	-7586	-6236	1262	-449	1331	835
553	-17488	-10126	4625	-6413	3471	-2763
554	-18517	-8624	4904	-8498	5802	-4334
555	-16736	-5010	3890	-9418	8261	-5159
556	-14602	-1951	2701	-8934	10435	-5378
557	-12897	1097	2100	-6564	11551	-5096
558	-13318	247	4421	-3275	12057	-4412
559	-13628	162	5151	78	11539	-3174
560	-14314	-1883	5835	2437	9706	-999
561	-13869	-2191	8504	3794	7223	2085
562	-32768	12905	-216	15684	1866	-3299
563	7129	-32767	-9185	2647	-4489	-4407
564	-2643	-23258	2270	-6186	-1181	-2927
565	-3106	1963	10682	-12189	1810	1722
566	7568	-2688	-4535	-13765	3748	4419
567	8845	2937	-4553	-9359	3024	5086
568	10069	8708	-3041	-3359	2520	3910
569	10558	11790	-4104	4086	2383	1469
570	7046	5549	-4166	8588	1265	-453
571	6580	-1395	-2008	8835	444	-1775
572	4670	-5144	-721	6020	398	-2043
573	3434	-5187	-1518	2504	747	-1839
574	2910	-4930	-2203	-536	916	-1607
575	2182	-4594	-1238	-2854	1196	-1208
576	1630	-3469	-1287	-4558	1162	-523
577	787	941	-2466	-5365	786	1083
578	190	3064	-2849	-3951	630	1348
579	271	3972	-3188	-2085	585	1517
580	1591	1248	-2176	2888	682	157
581	1564	488	-2011	2206	547	-174
582	932	252	-2393	569	459	-602
583	794	514	-2520	-422	396	-769
584	794	851	-2625	-992	317	-870
585	587	1257	-2722	-1248	206	-968
586	895	1352	-2440	-1361	-67	-1007
587	1026	1502	-2376	-1342	-362	-1038
588	1119	1518	-2345	-1317	-717	-1077
589	1077	1434	-2212	-1369	-1086	-1103
590	1069	1508	-2043	-1489	-1426	-1074
591	972	1463	-2024	-1651	-1729	-1030
592	526	1469	-1906	-2005	-2183	-1002
593	319	1587	-1799	-2162	-2290	-993
594	197	1714	-1767	-2229	-2342	-1025
595	0	0	0	0	0	0
596	117	1912	-1719	-2201	-2444	-1231
597	-177	2085	-1297	-1721	-2843	-1541
598	-500	1845	-1242	-1751	-2871	-1532
599	-891	2008	-1370	-1232	-2782	-1783
600	-959	2114	-1327	-901	-2745	-1850
601	-1027	2014	-1237	-591	-2713	-1839
602	-1177	1745	-1095	-388	-2681	-1798
603	-1340	1492	-1001	-301	-2617	-1727
604	-1452	1381	-1005	-237	-2528	-1672
605	-1561	1374	-994	-109	-2453	-1653
606	-1624	1385	-1023	72	-2367	-1644
607	-1733	1425	-1029	301	-2299	-1611
608	-1887	1402	-972	509	-2237	-1545
609	-2014	1304	-887	647	-2169	-1443
610	-2182	1192	-792	705	-2104	-1344
611	-2370	1047	-795	729	-1970	-1200
612	-2390	1030	-823	795	-1897	-1164
613	-2831	547	-643	828	-1585	-944
614	-2907	423	-715	677	-1471	-885
615	-2921	359	-759	570	-1360	-877
616	0	0	0	0	0	0
617	-2934	438	-815	546	-1115	-909
618	-2938	547	-810	790	-920	-899
619	-2891	422	-703	947	-808	-884
620	-2828	346	-711	1049	-710	-882
621	-2762	241	-739	1117	-607	-880
622	-2688	155	-733	1153	-524	-890
623	-2499	-6	-609	1142	-350	-900
624	-2439	-136	-587	1091	-323	-898
625	-2367	-252	-594	1013	-299	-895
626	-2304	-242	-577	917	-286	-877
627	-2258	-218	-604	842	-265	-839
628	-2210	-154	-642	798	-257	-787
629	-2192	-109	-633	781	-250	-726
630	-2217	-114	-610	779	-254	-659
631	-1995	47	-838	789	-279	-295
632	-1845	54	-864	777	-295	-259
633	-1896	-92	-835	707	-344	-289
634	-2040	-272	-760	510	-375	-352
635	-2148	-294	-730	217	-402	-413
636	0	0	0	0	0	0
637	-2332	-62	-817	-255	-463	-544
638	-2457	175	-847	-348	-485	-639
639	-2509	174	-867	-331	-468	-687
640	-2569	198	-885	-336	-431	-729
641	0	0	0	0	0	0
642	-2605	279	-909	-371	-335	-787
643	-2560	404	-1035	-359	-245	-798
644	-2495	480	-1067	-302	-202	-784
645	-2457	474	-1104	-247	-166	-753
646	-2424	420	-1134	-227	-125	-693
647	-2407	364	-1189	-284	-20	-496
648	-2424	571	-1253	22	120	-242
649	-2415	621	-1197	148	120	-193
650	-2405	543	-1132	213	104	-149
651	-2384	445	-1089	211	81	-113
652	-2378	431	-1032	167	58	-89
653	-2343	466	-1029	132	50	-54
654	-2345	507	-1031	140	33	-15
655	-2343	552	-1009	183	27	17
656	-2340	579	-1007	259	25	54
657	-2340	584	-1016	336	30	88
658	-2319	503	-1004	387	39	119
659	-2315	403	-1003	406	54	151
660	-2268	337	-1015	406	73	185
661	-2231	338	-987	403	91	223
662	-2210	384	-991	417	95	266
663	-2189	440	-1014	468	99	308
664	-2144	462	-941	630	85	366
665	-2125	194	-824	699	6	387
666	-2174	141	-802	684	-14	360
667	-2226	107	-725	664	-30	329
668	-2262	64	-685	678	-42	321
669	-2333	0	-542	735	-103	323
670	-2360	-33	-532	696	-138	325
671	-2356	-89	-536	634	-166	316
672	-2331	-90	-576	535	-183	301
673	-2303	-63	-608	426	-199	300
674	-2284	-32	-657	323	-201	293
675	-2283	21	-664	252	-195	278
676	-2318	54	-697	187	-192	255
677	-2338	78	-717	132	-185	228
678	-2366	146	-762	77	-180	203
679	-2412	271	-827	52	-169	186
680	-2481	375	-865	64	-155	190
681	-2481	488	-936	105	-142	210
682	-2482	316	-1239	174	-74	110
683	-2547	276	-1259	113	-54	71
684	-2567	272	-1327	38	-43	75
685	-2512	288	-1415	-90	-10	180
686	-2472	338	-1607	-120	17	273
687	-2475	301	-1690	-100	37	321
688	-2506	268	-1670	-56	63	339
689	-2539	267	-1630	-14	85	356
690	0	0	0	0	0	0
691	-2524	293	-1496	-35	81	382
692	-2415	505	-1293	-226	31	343
693	-2238	927	-1212	-404	10	217
694	-2201	991	-1224	-432	16	166
695	-2194	996	-1234	-471	32	139
696	-2154	1025	-1265	-504	61	122
697	-2102	1071	-1290	-523	71	117
698	-2045	1105	-1358	-509	85	131
699	-1878	1081	-1627	-283	40	210
700	-1874	1080	-1629	-228	28	222
701	-1904	1099	-1592	-188	31	231
702	-2018	1091	-1527	-156	50	220
703	-2114	1040	-1434	-111	128	146
704	-2089	1011	-1423	-82	192	89
705	-2026	969	-1416	-35	248	32
706	-1952	950	-1441	40	299	-10
707	-1893	862	-1446	109	334	-31
708	-1861	592	-1375	187	379	-16
709	-1923	482	-1283	170	382	19
710	0	0	0	0	0	0
711	-2084	344	-1175	118	393	81
712	-2140	343	-1104	94	402	51
713	-2126	406	-1060	97	384	40
714	-2098	433	-1055	123	345	32
715	-2056	494	-1047	169	296	11
716	-1845	523	-902	280	-134	56
717	0	0	0	0	0	0
718	-1910	506	-949	237	-260	97
719	-1998	443	-1021	166	-338	169
720	-2070	406	-1105	108	-359	218
721	-2135	373	-1161	55	-346	257
722	-2256	445	-1308	23	-312	307
723	-2360	491	-1357	55	-285	326
724	-2387	521	-1377	108	-268	320
725	-2422	530	-1396	148	-246	309
726	-2430	527	-1418	171	-230	292
727	-2408	541	-1417	175	-214	266
728	-2400	582	-1407	201	-172	205
729	-2369	603	-1357	238	-147	165
730	-2403	607	-1304	265	-123	141
731	0	0	0	0	0	0
732	-2421	572	-1218	318	-81	93
733	-2165	419	-1201	321	9	116
734	-2107	381	-1180	314	20	164
735	-2097	332	-1151	284	12	208
736	-2095	319	-1098	230	9	242
737	-2079	337	-1086	174	8	255
738	-2060	348	-1100	113	2	241
739	1	1	-1	1	1	-1
740	-2186	540	-969	-279	-16	171
741	-2355	673	-955	-400	-17	183
742	-2381	738	-1046	-446	5	185
743	-2343	844	-1163	-456	22	185
744	-2257	966	-1305	-418	50	183
745	-2133	1049	-1464	-331	60	178
746	-1955	1021	-1604	-117	11	160
747	-1947	957	-1588	-15	-41	158
748	-1968	897	-1525	63	-78	165
749	-2017	785	-1434	109	-90	173
750	-2277	593	-1170	114	63	186
751	-2234	600	-1145	120	95	147
752	-2191	608	-1160	123	110	101
753	-2158	596	-1138	109	103	48
754	-2074	576	-1150	70	87	5
755	-2008	597	-1171	30	31	-44
756	-1986	626	-1165	23	0	-64
757	-1976	622	-1179	38	-21	-65
758	-1969	596	-1177	33	-25	-74
759	-1922	568	-1195	-14	-5	-64
760	-1912	597	-1199	-46	14	-61
761	0	0	0	0	0	0
762	-2023	675	-1204	-148	60	-73
763	-2022	714	-1222	-158	51	-96
764	0	0	0	0	0	0
765	-2023	738	-1285	-114	9	-152
766	-2053	709	-1299	-57	-41	-179
767	-2269	624	-1245	-286	-102	-113
768	-2247	692	-1292	-275	-91	-116
769	-2237	732	-1329	-205	-82	-117
770	-2229	739	-1309	-119	-78	-120
771	-2224	676	-1287	-60	-74	-112
772	-2260	603	-1234	-50	-72	-104
773	-2297	590	-1193	-72	-73	-104
774	-2317	598	-1152	-89	-75	-105
775	-2316	622	-1174	-106	-73	-122
776	-2320	629	-1141	-121	-77	-140
777	-2262	662	-1128	-129	-85	-177
778	-2217	663	-1151	-105	-98	-191
779	-2233	655	-1156	-70	-99	-192
780	-2214	618	-1148	-27	-101	-184
781	-2210	538	-1144	-4	-110	-161
782	-2316	451	-1116	23	-128	-116
783	-2375	376	-1036	-4	-143	-75
784	-2522	470	-912	-248	-91	-107
785	-2587	533	-843	-263	-55	-198
786	-2648	493	-812	-320	-49	-251
787	0	0	0	0	0	0
788	-2640	491	-846	-453	-31	-339
789	-2533	512	-968	-490	0	-408
790	-2455	512	-1005	-457	14	-433
791	-2400	475	-1052	-413	23	-420
792	-2343	439	-1079	-379	18	-392
793	-2331	354	-1083	-365	9	-345
794	-2338	336	-1036	-380	-2	-293
795	-2352	442	-987	-392	-17	-161
796	-2336	541	-958	-355	-16	-91
797	-2320	624	-906	-281	-1	-43
798	-2341	659	-844	-200	8	-9
799	-2368	630	-787	-140	17	2
800	-2366	615	-733	-109	41	-3
801	-2209	497	-597	243	145	-25
802	-2157	413	-573	255	111	14
803	-2107	387	-603	270	96	43
804	0	0	0	0	0	0
805	-2048	373	-640	336	60	88
806	-2064	365	-665	384	17	133
807	-2094	333	-659	396	-11	154
808	0	0	0	0	0	0
809	-2163	379	-754	479	-84	204
810	-2218	413	-794	559	-111	212
811	0	0	0	0	0	0
812	-2256	438	-757	692	-165	236
813	-2310	443	-753	779	-205	251
814	-2311	503	-768	849	-229	251
815	-2242	616	-776	1066	-250	243
816	-2165	672	-758	1241	-261	220
817	-2108	655	-702	1366	-281	200
818	-2093	591	-536	1478	-396	258
819	-2125	596	-591	1444	-436	329
820	-2160	641	-659	1417	-463	392
821	-2170	698	-770	1419	-504	470
822	-2183	722	-872	1440	-540	548
823	-2219	719	-926	1473	-593	640
824	-2493	560	-954	1437	-740	815
825	-2645	499	-1060	1348	-803	889
826	-2730	469	-1193	1250	-840	935
827	-2789	543	-1301	1149	-864	964
828	-2754	617	-1392	1050	-886	995
829	-2673	688	-1444	955	-909	1030
830	-2531	768	-1584	771	-946	1100
831	-2531	883	-1629	697	-944	1166
832	-2566	1019	-1657	750	-788	1301
833	-2581	982	-1680	781	-716	1319
834	-2604	935	-1697	796	-652	1331
835	-2440	903	-1667	866	-401	1305
836	-2406	872	-1622	895	-335	1257
837	-2368	808	-1564	904	-265	1203
838	-2316	744	-1506	897	-194	1144
839	-2312	693	-1453	888	-124	1092
840	-2297	554	-1377	848	-12	980
841	-2249	527	-1348	826	47	914
842	-2197	520	-1358	805	75	855
843	-2142	508	-1352	801	85	794
844	-2086	496	-1249	796	84	723
845	-2034	395	-1147	745	77	578
846	-2018	365	-1088	676	73	508
847	-2047	354	-1065	596	68	445
848	-2059	381	-1060	517	56	387
849	-2057	430	-1063	397	47	251
850	-2012	469	-1094	351	43	153
851	-1958	500	-1139	310	31	74
852	-1885	547	-1124	199	-89	-109
853	-1913	573	-1096	160	-106	-106
854	-1931	629	-1110	122	-108	-108
855	-1910	674	-1167	-112	-67	-137
856	-1877	745	-1279	-200	-32	-163
857	-1857	789	-1375	-222	10	-188
858	-1847	827	-1480	-171	39	-213
859	-1840	853	-1530	-75	55	-224
860	-1876	783	-1429	107	77	-210
861	-1930	714	-1271	164	87	-187
862	-1956	651	-1173	158	86	-158
863	-1948	627	-1095	88	83	-136
864	-1894	641	-1078	-10	78	-133
865	-1778	756	-1189	-167	73	-208
866	-1695	904	-1312	-87	50	-309
867	-1765	849	-1259	37	25	-341
868	-1861	751	-1177	121	-29	-334
869	-2320	669	-894	-128	-456	58
870	1	1	-1	1	1	-1
871	-2429	736	-904	-265	-464	80
872	-2534	721	-901	-326	-445	97
873	-2675	720	-945	-365	-415	107
874	-2812	714	-1009	-361	-341	150
875	-2801	714	-1076	-328	-294	192
876	-2760	681	-1135	-302	-249	240
877	-2737	681	-1160	-278	-204	265
878	-2791	695	-1208	-185	-49	240
879	-2806	705	-1238	-128	17	191
880	-2746	699	-1249	-74	73	132
881	-2666	687	-1225	-25	119	70
882	-2547	688	-1184	34	158	26
883	-2316	665	-1078	142	205	-24
884	-2120	577	-897	190	237	-52
885	-2089	540	-785	182	254	-53
886	-1984	458	-669	53	204	-118
887	-1967	485	-718	80	183	-152
888	-1932	522	-757	115	162	-174
889	-1931	537	-792	162	140	-200
890	-1918	520	-812	206	109	-231
891	-1902	471	-891	260	54	-298
892	-1932	469	-907	273	21	-325
893	0	0	0	0	0	0
894	-2046	525	-960	331	-35	-345
895	-2150	588	-1059	386	-85	-332
896	-2187	647	-1143	425	-114	-328
897	0	0	0	0	0	0
898	-2217	769	-1184	451	-164	-321
899	-2214	867	-1192	378	-225	-285
900	-2210	950	-1177	310	-266	-238
901	0	0	0	0	0	0
902	-2169	1262	-1238	286	-425	84
903	-1991	1470	-1478	649	-594	547
904	-2022	1461	-1435	800	-620	605
905	-2021	1446	-1393	908	-635	659
906	-2019	1389	-1325	1014	-646	717
907	-1999	1334	-1232	1091	-649	769
908	-1928	1248	-1057	1241	-681	865
909	-1862	1146	-965	1313	-698	920
910	0	0	0	0	0	0
911	-1717	998	-782	1394	-741	1043
912	-1569	947	-682	1429	-786	1201
913	-1490	990	-674	1476	-824	1298
914	-1401	1066	-670	1580	-869	1388
915	-1293	1095	-661	1738	-921	1495
916	-1226	1014	-626	1887	-991	1620
917	-1072	837	-588	2060	-1104	1925
918	-998	721	-548	2076	-1186	2121
919	-956	646	-544	2041	-1270	2303
920	-1143	995	-470	1968	-2026	3097
921	-1126	1004	-474	1979	-2234	3218
922	-1119	975	-447	1933	-2405	3321
923	-1075	1070	-454	1846	-2553	3441
924	-970	1851	-627	1841	-2894	3761
925	-1091	1916	-620	1938	-3023	3829
926	0	0	0	0	0	0
927	-1329	1876	-457	1892	-3205	3958
928	-1312	1871	-479	1717	-3286	4070
929	-1272	1852	-378	1145	-3517	4309
930	-1249	1935	-66	665	-3634	4401
931	-1180	2231	198	173	-3680	4413
932	-1342	2409	256	-344	-3662	4348
933	-1403	2580	256	-835	-3658	4248
934	-1528	3269	515	-1414	-3661	4086
935	-1725	3370	870	-1433	-3651	3975
936	-1774	3359	1056	-1430	-3611	3875
937	-2367	4205	1455	-558	-3213	2970
938	-2625	3935	1704	386	-3193	2891
939	-3063	3054	2662	822	-3100	2932
940	-3721	1500	4021	480	-2954	3044
941	-5087	-575	5452	-845	-2749	3183
942	-8035	-3572	9127	-4913	-1644	3080
943	-9643	-4558	10904	-7116	-342	2939
944	0	0	0	0	0	0
945	-11771	-1997	14511	-6573	2866	3433
946	-12131	-3621	17429	-930	8031	5481
947	-10421	-6706	21640	231	11531	7503
948	218	-3229	28321	3904	18311	11264
949	2522	-3510	32656	7567	19706	10825
950	4035	-4499	32767	9490	20477	9534
951	6102	-4349	32767	10062	20595	7675
952	12270	-2545	32767	9599	19805	3124
953	-32768	-8199	32767	8880	20223	3102
954	-5146	-1115	3097	-107	2626	-952
955	-9222	-1687	11283	-2306	6632	-945
956	-4222	4903	6942	-958	8738	-1338
957	-3196	8280	3135	2432	8665	-1892
958	2207	7927	3364	5515	8110	-2680
959	6427	4219	44	7017	6230	-3592
960	5822	-2542	-1440	5571	2284	-4031
961	5830	-5792	-1446	1062	1056	-3340
962	0	0	0	0	0	0
963	4931	-1938	-783	-7339	1033	-1365
964	5425	5219	-2330	-7636	1192	-75
965	4826	7391	-2821	-4415	789	255
966	0	0	0	0	0	0
967	3318	6373	-2545	2380	-222	291
968	2020	2445	-1441	4580	-975	353
969	1158	156	-768	2369	-1476	534
970	944	388	-581	629	-1681	624
971	-309	3631	-138	587	-2745	-392
972	-515	3433	-81	1127	-2779	-570
973	-603	2796	83	1432	-2813	-700
974	-804	2497	260	1529	-2836	-766
975	-1071	1966	421	1189	-2818	-782
976	-1156	1915	393	890	-2793	-818
977	-1271	1987	339	683	-2752	-903
978	-1295	2055	317	545	-2703	-1008
979	-1358	2075	388	430	-2673	-1091
980	-1308	2439	514	257	-2589	-1189
981	-1289	2638	457	331	-2465	-1283
982	-1063	2684	-58	460	-2410	-1342
983	-1445	2644	212	611	-2212	-1509
984	-1650	2463	204	696	-2048	-1593
985	-1763	2306	260	762	-1741	-1646
986	-1788	2290	108	864	-1568	-1694
987	-1760	2315	-35	1010	-1427	-1756
988	-1767	1858	-13	1952	-756	-2201
989	-1861	1633	29	1898	-630	-2277
990	-1850	1543	-9	1802	-528	-2352
991	-1797	1525	-63	1740	-420	-2429
992	-1822	1432	-170	1700	-308	-2516
993	-1861	1258	-291	1570	-80	-2679
994	-1858	1091	-354	1287	226	-2791
995	-1884	1060	-387	1233	296	-2814
996	-1893	1032	-487	1209	353	-2815
997	-1838	1033	-575	1232	393	-2805
998	-1759	975	-672	1301	419	-2765
999	-1641	795	-786	1467	459	-2627
1000	-1639	597	-802	1514	450	-2523
1001	-1680	450	-809	1484	428	-2411
1002	-1605	220	-889	1302	367	-2170
1003	-1606	238	-984	1189	312	-1981
1004	-1528	291	-1029	1116	242	-1796
1005	-1635	191	-1137	877	-216	-855
1006	-1642	196	-1160	773	-326	-668
1007	0	0	0	0	0	0
1008	-1780	240	-1173	577	-491	-353
1009	-1987	253	-1176	384	-588	-122
1010	-2092	346	-1165	310	-603	-30
1011	-2158	457	-1160	284	-599	37
1012	-2213	609	-1207	289	-581	83
1013	-2201	809	-1212	327	-556	121
1014	-2001	987	-1206	481	-491	136
1015	-2049	722	-1198	542	-440	54
1016	-2334	400	-1095	465	-408	-72
1017	-2945	503	-501	-33	-549	-212
1018	-2860	803	-535	-196	-579	-168
1019	-2401	1386	-852	-276	-498	-91
1020	-2162	1642	-1039	-166	-380	-68
1021	-2016	1738	-1162	49	-279	-41
1022	-1889	1100	-1262	584	-372	250
1023	-1996	1101	-1090	627	-449	321
1024	-2045	1137	-1045	700	-510	351
1025	-2036	1131	-996	818	-557	360
1026	-2103	1047	-963	946	-591	343
1027	-2316	722	-813	1124	-582	249
1028	-2397	560	-714	1126	-551	188
1029	-2446	450	-646	1079	-514	145
1030	-2434	382	-600	998	-470	109
1031	-2455	285	-606	879	-437	78
1032	-2503	152	-626	614	-406	-1
1033	-2495	140	-659	471	-387	-55
1034	-2480	143	-717	371	-362	-108
1035	-2439	198	-863	300	-322	-155
1036	-2398	259	-995	294	-259	-240
1037	-2411	231	-1005	303	-226	-256
1038	-2483	171	-983	276	-198	-264
1039	-2412	237	-968	-233	-24	-297
1040	-2394	492	-939	-270	59	-356
1041	-2426	490	-900	-245	66	-382
1042	-2402	465	-896	-229	67	-396
1043	-2396	455	-892	-228	68	-402
1044	-2357	417	-916	-248	73	-388
1045	-2266	408	-976	-254	92	-345
1046	-2261	402	-962	-266	110	-307
1047	-2260	423	-941	-277	129	-262
1048	-2254	454	-866	-286	159	-213
1049	-2253	519	-809	-274	178	-164
1050	-2241	597	-795	-222	210	-100
1051	-2257	618	-787	-206	216	-83
1052	-2253	585	-784	-216	212	-72
1053	-2283	500	-763	-293	177	-48
1054	-2317	452	-799	-366	164	-41
1055	-2343	435	-819	-423	159	-37
1056	-2471	589	-852	-507	271	30
1057	-2447	626	-848	-487	277	39
1058	-2410	640	-843	-485	278	35
1059	-2361	650	-823	-503	273	20
1060	-2319	702	-849	-528	269	-1
1061	-2241	816	-861	-501	250	-38
1062	-2209	829	-838	-444	230	-39
1063	-2162	778	-820	-413	171	10
1064	-2155	773	-818	-401	148	43
1065	-2129	799	-841	-384	132	76
1066	-2139	827	-855	-334	110	108
1067	-2163	818	-856	-269	93	142
1068	-2184	722	-894	-173	52	186
1069	-2184	686	-883	-177	29	215
1070	-2163	674	-880	-192	16	245
1071	-2152	734	-895	-232	-9	280
1072	-2174	776	-898	-240	-27	286
1073	-2270	925	-936	-75	-39	265
1074	-2228	927	-966	-19	-26	251
1075	-2214	913	-979	6	-19	235
1076	-2208	926	-975	31	-14	220
1077	-2222	927	-952	48	-13	208
1078	-2294	801	-968	22	7	169
1079	-2293	761	-968	-27	29	160
1080	-2267	787	-983	-74	50	159
1081	-2211	816	-1057	-100	74	163
1082	-2127	875	-1130	-103	86	160
1083	-2037	899	-1229	-107	88	146
1084	-1983	903	-1256	-98	92	139
1085	-1976	887	-1267	-89	90	134
1086	-1966	915	-1263	-82	91	150
1087	-2031	908	-1145	-51	133	202
1088	-2049	939	-1079	-40	163	213
1089	-2072	933	-1043	-25	187	218
1090	-1997	1006	-1084	-155	184	245
1091	-1973	1063	-1112	-157	161	246
1092	-1968	1087	-1105	-136	136	243
1093	-1965	1086	-1112	-122	102	236
1094	-1979	1088	-1096	-116	69	227
1095	-2011	1080	-1094	-98	28	216
1096	-2026	1041	-1093	-91	11	213
1097	-2087	1005	-1065	-110	11	215
1098	-2147	1004	-1073	-122	22	218
1099	-2215	1034	-1081	-113	47	226
1100	-2230	1051	-1153	-21	98	201
1101	-2211	1031	-1171	21	131	179
1102	-2179	1023	-1154	39	146	168
1103	-2148	1007	-1134	53	153	147
1104	-2145	1038	-1149	59	159	131
1105	-2090	1034	-1103	105	155	99
1106	-2068	1035	-1063	124	162	85
1107	-2159	851	-919	152	87	156
1108	-2150	844	-916	113	55	205
1109	-2181	866	-947	57	-17	317
1110	-2183	848	-958	46	-57	345
1111	-2239	751	-1014	18	-106	370
1112	-2285	688	-1019	-59	-134	370
1113	-2286	656	-979	-144	-155	374
1114	-2301	642	-973	-217	-157	364
1115	-2331	665	-980	-259	-133	348
1116	-2360	692	-994	-268	-88	335
1117	-2368	727	-973	-246	-43	318
1118	-2380	757	-954	-202	14	309
1119	-2335	768	-897	-148	66	299
1120	-2272	787	-844	-86	100	285
1121	-2202	773	-827	-51	121	276
1122	-2121	784	-800	-20	136	251
1123	-1964	825	-761	17	141	229
1124	-1870	890	-767	61	137	196
1125	-1682	849	-746	304	-107	37
1126	-1659	688	-787	257	-268	53
1127	-1854	612	-788	67	-429	77
1128	-2087	628	-791	-124	-496	106
1129	-2198	749	-919	-294	-495	137
1130	-2180	852	-1100	-418	-436	103
1131	-2236	1045	-1304	-492	-245	25
1132	-2375	1024	-1299	-414	-69	-28
1133	-2401	1005	-1128	-313	112	-88
1134	-2288	897	-1081	-312	249	-158
1135	-2064	820	-1028	-531	351	-240
1136	-1877	996	-931	-636	449	-282
1137	-1804	1060	-958	-578	501	-266
1138	-1708	1103	-1021	-559	431	-194
1139	-1752	1156	-1010	-559	295	-87
1140	-1839	1139	-963	-586	201	13
1141	-1897	1266	-1021	-687	122	93
1142	-1938	1624	-986	313	-313	117
1143	-1935	1584	-973	425	-328	135
1144	-1870	1440	-902	575	-324	179
1145	-1821	1314	-890	685	-305	208
1146	-1760	1200	-804	765	-348	264
1147	-1731	1173	-713	800	-445	355
1148	-1732	1154	-656	798	-558	433
1149	-1667	1261	-623	787	-667	505
1150	-1557	1436	-696	835	-782	601
1151	-1452	1572	-735	948	-916	750
1152	-1270	1633	-735	1090	-1084	954
1153	-988	1808	-796	1233	-1355	1286
1154	-744	2013	-755	1573	-1734	1772
1155	-421	2272	-723	2015	-2526	2715
1156	-283	2640	-641	2173	-3087	3251
1157	-206	2986	-475	2334	-3476	3605
1158	-223	3255	-185	2695	-4062	4101
1159	-226	3596	186	2934	-4585	4507
1160	-303	4104	276	3129	-5146	4866
1161	-419	4173	490	3394	-5740	5127
1162	-383	4384	1268	3492	-6205	5298
1163	-477	4048	1422	3070	-6638	5280
1164	-527	3448	1591	2000	-7210	5010
1165	-776	3041	2448	967	-7560	4444
1166	-1283	2623	3192	67	-7455	3519
1167	-1756	2751	2744	-742	-7165	2581
1168	-2576	2692	3367	-410	-6600	1866
1169	-3939	1362	5743	-652	-5478	1452
1170	-6445	-108	7451	-1725	-2854	-92
1171	-7764	-3023	10208	-2512	-434	-694
1172	-8061	-5275	13546	-4549	2833	-17
1173	-6301	-6297	17068	-4582	6796	2170
1174	-2038	-8428	21238	-3389	10991	6146
1175	4477	-7959	26882	-1726	15065	10620
1176	11404	-5358	32609	2395	18995	13159
1177	19629	-4103	32767	7426	22371	11910
1178	22076	-3703	32767	8049	23264	3919
1179	-32768	-23758	-32768	7712	7570	-1345
1180	6819	-12009	4775	-878	-511	-683
1181	-4311	-11030	13568	-8234	4674	-173
1182	-4960	12097	2095	-2153	10211	957
1183	-1010	8821	6149	10027	9905	-2531
1184	7195	-3342	-3297	7941	4840	-4700
1185	4953	-5313	-4710	609	-323	-2964
1186	3826	-1283	-825	-6637	-1895	-1613
1187	5419	6018	-453	-9308	-1686	-938
1188	4423	10241	-1506	-3819	-1153	-1151
1189	2781	8010	-1142	3593	-926	-972
1190	1185	3395	-568	6175	-599	-530
1191	246	1033	-776	4425	-685	82
1192	-242	1422	-462	2500	-1547	102
1193	-1110	1758	318	1473	-2759	-282
1194	-1741	1459	573	615	-3387	-902
1195	-1901	1728	457	-79	-3197	-1524
1196	-1664	2093	801	-200	-2830	-1869
1197	-1525	2193	1391	179	-2582	-2040
1198	-1602	1858	1699	627	-2198	-2446
1199	-1462	1840	1411	629	-1698	-2678
1200	-1274	1987	1190	671	-1141	-2833
1201	-1540	2127	1472	839	-632	-2873
1202	-1634	2318	1204	1167	-286	-2991
1203	-1796	2315	1053	1636	147	-3166
1204	-1911	2058	1056	1840	534	-3267
1205	-2086	2092	861	2031	807	-3299
1206	-2107	1664	512	2524	1128	-3225
1207	-2019	1007	287	3051	1314	-3062
1208	-2086	337	92	3107	1383	-2710
1209	-2003	-218	-141	2915	1361	-2254
1210	-1783	-476	-405	2664	1327	-1751
1211	-1581	-632	-526	2497	1213	-1227
1212	-1635	-906	-492	2317	972	-712
1213	-1618	-1009	-462	1970	662	-262
1214	-1547	-815	-645	1677	325	83
1215	-1626	-530	-741	1382	38	281
1216	-1911	-173	-725	1172	-151	376
1217	-2054	151	-787	1166	-252	384
1218	-1979	359	-842	1214	-329	337
1219	-2015	210	-835	972	-412	233
1220	-2334	127	-995	399	-450	109
1221	-2496	496	-1249	-13	-396	64
1222	-2429	835	-1581	112	-314	59
1223	-2349	762	-1694	238	-246	91
1224	-2305	919	-1681	192	-231	223
1225	-2911	1029	-691	114	-110	-17
1226	-2931	1343	-295	-20	-134	19
1227	-2380	1987	-679	-37	-9	75
1228	-1373	2413	-1447	321	67	66
1229	-767	1963	-2666	954	-406	99
1230	-1467	1073	-1453	1368	-548	415
1231	-1927	522	-781	1460	-393	818
1232	-2337	177	-631	1231	-351	934
1233	-2241	329	-848	1001	-494	787
1234	-1915	528	-1380	746	-799	492
1235	-1978	715	-1051	753	-984	207
1236	-2106	438	-691	906	-868	16
1237	-2270	30	-596	757	-692	-38
1238	-2261	-129	-848	425	-615	-6
1239	-2363	-51	-1088	152	-613	23
1240	-2604	32	-969	34	-533	26
1241	-2656	121	-897	-41	-392	-8
1242	-2595	242	-953	-182	-221	-117
1243	-2597	398	-982	-277	-128	-258
1244	-2583	377	-1018	-303	-91	-373
1245	-2498	331	-1003	-379	-70	-427
1246	-2410	315	-996	-493	-21	-405
1247	-2356	405	-975	-609	17	-308
1248	-2362	584	-940	-641	39	-144
1249	-2290	684	-909	-622	57	-109
1250	-2281	731	-857	-594	88	-95
1251	-2272	736	-799	-567	139	-80
1252	-2294	666	-753	-594	173	-76
1253	-2346	599	-730	-632	192	-52
1254	-2362	527	-749	-669	202	-53
1255	-2336	570	-770	-717	222	-46
1256	-2306	664	-736	-738	253	-58
1257	-2275	698	-648	-738	297	-78
1258	-2308	692	-659	-753	328	-122
1259	-2289	740	-706	-734	316	-143
1260	-2283	791	-771	-668	294	-164
1261	-2300	744	-764	-616	248	-178
1262	-2317	685	-707	-608	201	-188
1263	-2325	654	-716	-641	195	-208
1264	-2278	747	-775	-631	194	-210
1265	-2216	823	-788	-553	165	-186
1266	-2213	776	-776	-513	136	-149
1267	-2232	733	-783	-550	135	-106
1268	-2202	818	-820	-584	144	-68
1269	-2196	912	-849	-520	130	-34
1270	-2187	939	-860	-462	126	-44
1271	-2112	1032	-908	-417	115	-58
1272	-2123	1084	-932	-283	95	20
1273	-2186	1053	-918	-247	66	121
1274	-2232	1145	-987	-242	41	234
1275	-2281	1291	-1089	-135	41	318
1276	-2347	1302	-1171	79	77	371
1277	-2378	1210	-1194	270	136	403
1278	-2334	1089	-1121	367	213	414
1279	-2286	987	-1125	390	274	377
1280	-2246	875	-1113	385	318	327
1281	-2183	687	-1138	352	371	281
1282	-2161	604	-1112	261	405	260
1283	-2224	561	-1113	123	397	236
1284	-2225	529	-1126	-7	365	174
1285	-2181	527	-1210	-109	324	98
1286	-2239	505	-1243	-197	308	20
1287	-2317	491	-1227	-272	305	-31
1288	-2358	427	-1216	-307	297	-100
1289	-2398	302	-1217	-352	293	-169
1290	-2397	266	-1244	-382	331	-234
1291	-2360	301	-1182	-340	397	-294
1292	-2319	367	-1094	-272	431	-312
1293	-2186	345	-920	-158	453	-336
1294	-2124	300	-830	-127	439	-355
1295	-1867	174	-802	-156	323	-418
1296	-1838	215	-769	-124	292	-450
1297	-1787	214	-611	-57	278	-451
1298	-1768	296	-522	-63	246	-386
1299	-1631	398	-527	-81	179	-335
1300	-1498	542	-648	-183	-3	-283
1301	-1647	564	-725	-406	-293	-175
1302	-1966	621	-619	-758	-553	69
1303	-2234	871	-798	-1147	-687	318
1304	-2401	1571	-1152	-1284	-675	480
1305	-2407	2189	-1337	-920	-634	525
1306	-2339	2423	-1248	-346	-656	529
1307	-2246	2446	-1037	141	-731	516
1308	-2034	2178	-733	633	-845	535
1309	-1921	1818	-653	764	-830	588
1310	-1843	1508	-648	802	-753	793
1311	-1822	1268	-543	832	-653	1090
1312	-1929	1122	-544	817	-567	1444
1313	-1998	1154	-632	818	-502	1735
1314	-2060	1210	-689	874	-466	1877
1315	-2132	1247	-611	896	-481	1896
1316	-2245	1309	-575	841	-498	1817
1317	-2290	1426	-577	874	-460	1632
1318	-2195	1294	-631	1102	-340	1294
1319	-2223	1033	-675	1076	-318	1135
1320	-2163	961	-701	859	-343	967
1321	-2060	1144	-747	709	-394	782
1322	-1999	1236	-726	643	-450	594
1323	-1912	1243	-674	520	-496	415
1324	-1861	1267	-626	352	-518	292
1325	-1842	1287	-738	189	-513	235
1326	-1854	1313	-826	99	-496	212
1327	-1855	1387	-924	-14	-449	186
1328	-1850	1463	-934	-77	-390	152
1329	-1835	1615	-1002	-119	-240	66
1330	-1769	1721	-1004	-85	-136	-26
1331	-1729	1722	-1027	-13	-5	-169
1332	-1702	1628	-1015	10	49	-243
1333	-1711	1479	-987	-25	105	-312
1334	-1709	1434	-1002	-60	141	-335
1335	-1656	1456	-1047	-103	200	-401
1336	-1543	1528	-1084	-157	278	-535
1337	-1447	1602	-1083	-136	289	-590
1338	-1345	1585	-1048	-32	263	-637
1339	-1324	1470	-933	9	219	-639
1340	-1356	1371	-916	-59	225	-645
1341	-1320	1313	-922	-147	231	-677
1342	-1647	1477	-800	-169	59	-569
1343	-1835	1433	-860	-159	-14	-595
1344	-1792	1345	-971	-190	-100	-643
1345	-1881	1236	-971	-177	-345	-574
1346	-2293	992	-868	-238	-598	-326
1347	-2684	757	-923	-366	-653	-183
1348	-2926	798	-982	-509	-571	-163
1349	-3157	921	-1076	-516	-378	-153
1350	-3088	961	-1168	-357	-134	-177
1351	-2945	857	-1220	-124	116	-242
1352	-2851	743	-1173	119	294	-340
1353	-2698	497	-999	312	368	-434
1354	-2556	215	-772	299	363	-488
1355	-2455	137	-652	109	328	-477
1356	-2307	264	-591	17	312	-455
1357	-2150	404	-570	47	340	-452
1358	-2109	428	-547	96	399	-471
1359	-2147	379	-487	77	485	-475
1360	-2175	377	-505	44	532	-472
1361	-2099	400	-562	-3	593	-486
1362	-2046	413	-635	-26	603	-495
1363	-1999	405	-779	-77	571	-488
1364	-2132	305	-872	-236	398	-443
1365	-2308	380	-1052	-550	324	-390
1366	-2364	594	-1017	-635	341	-336
1367	-2311	834	-1045	-691	394	-272
1368	-2156	1073	-1048	-732	448	-242
1369	-2022	1274	-1137	-699	469	-198
1370	-1948	1357	-1145	-578	428	-152
1371	-2015	1362	-1131	-454	368	-95
1372	-2044	1364	-1135	-365	325	-55
1373	-1955	1440	-1170	-229	304	-35
1374	-1879	1469	-1202	-46	287	-58
1375	-1828	1377	-1140	129	249	-52
1376	-1852	1230	-1079	249	197	16
1377	-1889	1095	-1025	299	160	67
1378	-1887	990	-1028	310	124	134
1379	-1880	992	-1012	319	101	175
1380	-1911	1013	-994	341	71	219
1381	-1930	1009	-994	354	48	238
1382	-1937	990	-1007	372	-6	257
1383	-1926	992	-1037	379	-67	266
1384	-1952	964	-1085	390	-158	275
1385	-1973	947	-1124	402	-200	275
1386	-2019	978	-1116	420	-234	284
1387	-2027	994	-1129	454	-244	300
1388	-2050	1038	-1134	517	-270	318
1389	-2063	1034	-1153	618	-339	296
1390	-2071	970	-1120	663	-376	286
1391	-2152	824	-1081	681	-385	292
1392	-2214	680	-1068	663	-366	320
1393	-2192	626	-1094	636	-348	311
1394	-2164	576	-1076	570	-341	304
1395	-2144	601	-1063	475	-329	283
1396	-2140	640	-1058	409	-330	273
1397	-2215	636	-1069	391	-323	252
1398	-2215	643	-1100	379	-296	226
1399	-2204	656	-1127	358	-256	183
1400	-2191	696	-1085	322	-246	155
1401	-2205	656	-1044	294	-243	144
1402	-2176	699	-1017	263	-239	149
1403	-2116	731	-992	248	-234	155
1404	-2074	753	-954	219	-248	177
1405	-2035	781	-950	206	-294	226
1406	-1990	790	-934	218	-359	314
1407	-1916	781	-936	220	-433	416
1408	-1780	817	-944	242	-535	569
1409	-1579	838	-943	383	-653	872
1410	-1403	676	-899	535	-768	1302
1411	-1319	564	-854	563	-847	1630
1412	-1086	842	-689	738	-1097	3080
1413	-1058	1000	-737	1095	-1184	4018
1414	-1130	1186	-781	1543	-1161	5026
1415	-1262	1625	-941	2168	-974	6070
1416	-1400	2030	-1200	2951	-612	7123
1417	-1680	2489	-1438	3846	26	8103
1418	-2088	3068	-1949	5265	1051	8917
1419	-2569	2490	-2600	6902	3287	9165
1420	-2420	1881	-3260	6529	5016	8776
1421	-2067	2131	-3744	6379	6296	8302
1422	-1964	2234	-4216	7331	7074	7716
1423	-2500	1958	-4658	8108	7694	7240
1424	-3363	2242	-6217	8267	8584	6655
1425	-2272	2680	-8493	8926	8574	5889
1426	2113	5020	-11705	10248	7380	6131
1427	4753	6765	-14195	11782	5445	6275
1428	7983	5850	-14390	13496	1275	6540
1429	11220	5272	-15170	13343	-1962	7012
1430	17266	6567	-13406	11812	-8395	6950
1431	20976	6551	-11520	9416	-12437	7105
1432	27234	6917	-8360	3613	-17550	6933
1433	31001	7033	-6341	-760	-20282	5902
1434	32631	7435	-762	-6434	-23566	2964
1435	4964	-19506	32767	3195	5079	-2819
1436	26694	-5700	6166	8114	-4073	-4984
1437	18717	-10536	9983	278	-6757	-2550
1438	5226	-2557	-4347	-6788	-5323	-1213
1439	-641	5039	-2529	-7243	-6449	441
1440	-2365	2160	-380	-3000	-5631	-167
1441	-3126	-1070	1169	-2254	-3731	-380
1442	-2765	-259	282	-1849	-1375	-1277
1443	-1509	-123	-596	-1307	9	-1933
1444	-341	-749	-713	-1109	496	-2101
1445	277	-1616	-236	-1784	401	-1894
1446	965	-1194	-381	-2754	162	-1400
1447	1071	-967	-1827	-3843	-1127	-516
1448	689	-849	-1599	-4090	-1980	34
1449	320	-538	-1621	-4197	-2604	338
1450	82	136	-1810	-4260	-3021	524
1451	-245	203	-2141	-4246	-3449	522
1452	-446	520	-2132	-4026	-3692	437
1453	-700	506	-2050	-3589	-3907	428
1454	-930	593	-1852	-3478	-4249	417
1455	-1279	1028	-2085	-3480	-4446	354
1456	-1491	1360	-2247	-3338	-4568	-70
1457	-1631	1466	-1928	-3097	-4563	-522
1458	-1805	1383	-1907	-2829	-4482	-1400
1459	-2110	1377	-1856	-2643	-4258	-1796
1460	-2269	1021	-1793	-2521	-3828	-2024
1461	-2417	825	-1759	-2669	-3359	-2169
1462	-2358	887	-1668	-2403	-2901	-2399
1463	-2602	995	-1636	-1849	-2440	-2378
1464	-2837	1052	-1802	-1330	-1921	-2059
1465	-2678	1006	-1843	-656	-1514	-1828
1466	-2506	701	-1615	-131	-1151	-1677
1467	-2420	472	-1259	26	-836	-1490
1468	-2279	592	-1265	20	-563	-1264
1469	-2070	701	-1420	273	-456	-1089
1470	-2057	565	-1201	505	-458	-919
1471	-2117	344	-1123	611	-540	-721
1472	-2039	311	-1139	806	-619	-490
1473	-1937	258	-1202	1004	-654	-321
1474	-2029	32	-925	1125	-766	37
1475	-2080	26	-724	994	-770	175
1476	-2113	59	-772	781	-679	157
1477	-2124	305	-855	760	-580	107
1478	-2171	198	-871	833	-540	71
1479	-2357	-20	-819	776	-536	62
1480	-2369	-27	-864	707	-512	112
1481	-2350	-57	-945	654	-439	184
1482	-2492	-19	-932	279	-329	246
1483	-2192	265	-1110	146	-291	245
1484	-2341	-48	-1058	5	-311	146
1485	-3108	429	-621	-222	-388	178
1486	-3118	922	-712	-262	-327	222
1487	-2523	1580	-1064	-140	-126	134
1488	-1835	1584	-1332	120	100	-39
1489	-1566	1010	-1898	273	-21	-61
1490	-1894	897	-1791	399	-129	14
1491	-2355	572	-1124	675	-117	217
1492	-2587	280	-881	775	-37	339
1493	-2799	-85	-700	629	12	386
1494	-2746	11	-665	356	15	237
1495	-2507	213	-849	201	-22	-9
1496	-2301	283	-976	150	-87	-232
1497	-2256	176	-957	170	-112	-371
1498	-2377	24	-866	152	-93	-390
1499	-2470	2	-891	77	-62	-335
1500	-2376	-12	-988	-105	-59	-271
1501	-2268	172	-1080	-321	-37	-245
1502	-2251	478	-1106	-302	4	-233
1503	-2258	517	-1119	-175	28	-201
1504	-2287	445	-1146	-82	48	-152
1505	-2399	423	-1010	12	73	-94
1506	-2409	362	-967	-54	94	-70
1507	-2320	483	-985	-156	136	-1
1508	-2257	544	-1018	-149	176	51
1509	-2195	573	-1066	-41	243	130
1510	-2257	562	-1034	83	307	219
1511	-2286	491	-985	185	357	270
1512	-2278	434	-981	203	371	284
1513	-2323	378	-909	119	343	283
1514	-2363	368	-931	-21	301	243
1515	-2334	412	-1000	-90	266	184
1516	-2265	454	-1036	-84	227	140
1517	-2271	425	-1025	-83	200	100
1518	-2290	374	-1032	-167	173	76
1519	-2287	439	-1106	-263	176	56
1520	-2257	578	-1196	-206	183	35
1521	-2178	621	-1230	-100	172	13
1522	-2152	633	-1208	-82	146	-26
1523	-2127	665	-1169	-78	130	-69
1524	-2094	664	-1179	-40	125	-113
1525	-2109	530	-1166	-33	113	-125
1526	-2116	450	-1168	-94	98	-112
1527	-2138	461	-1242	-224	100	-66
1528	-2105	575	-1326	-255	95	-18
1529	-2060	562	-1442	-25	73	66
1530	-2212	505	-1261	-38	91	53
1531	-2212	552	-1269	-173	95	34
1532	-2190	620	-1332	-251	100	-14
1533	-2146	666	-1385	-253	108	-35
1534	-2107	731	-1433	-145	129	-5
1535	-2136	739	-1405	8	168	35
1536	-2191	678	-1331	73	217	59
1537	-2200	604	-1261	72	263	87
1538	-2201	573	-1242	2	322	100
1539	-2178	695	-1243	-17	384	94
1540	-2154	677	-1207	32	408	76
1541	-2103	608	-1217	50	431	88
1542	-2062	578	-1228	84	436	115
1543	-2077	521	-1235	130	387	128
1544	-2114	466	-1212	102	334	132
1545	-2120	489	-1180	38	258	131
1546	-2096	555	-1157	28	214	127
1547	-2108	602	-1164	39	133	103
1548	-2108	574	-1155	26	70	82
1549	-2053	552	-1228	-34	-15	37
1550	-2014	580	-1284	-36	-71	21
1551	-2013	641	-1298	56	-140	26
1552	-2008	499	-1327	134	-194	61
1553	-1975	424	-1311	85	-219	81
1554	-1976	470	-1331	-3	-242	167
1555	-1915	606	-1370	-34	-269	290
1556	-1807	753	-1452	69	-305	401
1557	-1686	901	-1515	264	-371	547
1558	-1512	1186	-1365	714	-460	927
1559	-1318	1446	-1216	1123	-494	1367
1560	-863	1615	-1331	1543	-583	1989
1561	-393	1846	-1468	1975	-832	2815
1562	-178	1990	-1576	2458	-1193	3850
1563	-126	2409	-1786	3100	-1643	4870
1564	-361	2321	-1826	3493	-2159	5925
1565	-702	1879	-1582	3182	-2766	6943
1566	-1100	1408	-1199	1805	-3331	7978
1567	-1415	2030	-785	-1	-3966	8839
1568	-1584	2853	288	-1339	-5020	9427
1569	-2166	2587	2273	-2314	-6404	9426
1570	-4232	624	6606	-4360	-7756	8245
1571	-9653	-1793	10034	-7931	-7922	4442
1572	-14591	-2465	13660	-9332	-5475	-140
1573	-11984	-3583	19079	-4480	266	359
1574	-3756	-9577	25222	-2337	8377	5399
1575	4059	-8559	28273	-30	15879	11213
1576	18513	-4552	32767	7011	23197	11196
1577	19643	-3073	32767	8706	22683	6440
1578	-32768	-4204	-29480	6843	2540	-355
1579	-32768	-15511	15996	-4576	-3472	-7282
1580	-1352	2188	2701	-3134	1090	755
1581	-2613	1440	6454	-2294	3262	399
1582	-1309	4393	-1511	961	2207	-420
1583	660	1715	1717	1967	1844	-1294
1584	1596	-1214	332	-681	1013	-1701
1585	2099	2421	558	-4011	1323	-1725
1586	2657	4738	-1603	-1918	1449	-1637
1587	2396	3549	-1221	932	1051	-1713
1588	1260	1519	-929	1196	592	-1875
1589	120	1581	-772	2	457	-1874
1590	-518	2411	-497	-504	259	-1795
1591	-814	2934	-241	129	-86	-1942
1592	-1032	2783	108	971	-493	-2222
1593	-1437	2386	430	1580	-844	-2435
1594	-1588	2329	655	1960	-1032	-2529
1595	-1783	2077	888	2141	-1129	-2446
1596	-1903	1775	816	1932	-1045	-2332
1597	-1951	1765	490	1592	-849	-2275
1598	-1762	1977	516	1573	-668	-2216
1599	-1809	1705	411	1919	-447	-2184
1600	-1884	1441	359	2022	-288	-2200
1601	-1827	1305	266	2094	-128	-2146
1602	-1894	1241	295	2183	-35	-2024
1603	-2001	1133	327	2349	-51	-1851
1604	-2012	945	179	2450	-52	-1687
1605	-2049	723	8	2492	-74	-1576
1606	-2162	578	-58	2435	-98	-1387
1607	-2322	392	-87	2208	-79	-1147
1608	-2400	353	-221	1921	-1	-987
1609	-2342	422	-324	1820	49	-908
1610	-2250	627	-472	1823	109	-804
1611	-2191	729	-529	1941	110	-739
1612	-2170	696	-540	2123	93	-684
1613	-2129	236	-575	1967	63	-624
1614	-2080	237	-643	1746	21	-513
1615	-1997	312	-689	1638	-45	-324
1616	-2026	188	-741	1503	-109	-143
1617	-2019	197	-852	1353	-141	-10
1618	-2026	427	-950	1361	-184	127
1619	-2083	375	-1028	1452	-193	241
1620	-2239	82	-1023	1236	-160	280
1621	-2265	79	-1012	833	-103	280
1622	-2255	425	-1220	641	-39	283
1623	-2310	462	-1243	722	-37	273
1624	-2301	534	-1133	770	-81	292
1625	-2007	561	-1233	689	-73	267
1626	-1786	415	-1284	477	-26	154
1627	-2244	551	-1025	230	-164	114
1628	-2335	844	-837	121	-340	187
1629	-2115	1328	-1034	10	-397	216
1630	-1856	1705	-1193	116	-307	185
1631	-1865	1568	-1241	349	-221	195
1632	-1909	1250	-1240	481	-119	369
1633	-2110	933	-1372	600	-51	509
1634	-2292	716	-1304	709	-65	525
1635	-2476	629	-1163	794	-156	469
1636	-2394	580	-1123	787	-237	316
1637	-2209	487	-1031	659	-265	60
1638	-2111	373	-929	416	-255	-213
1639	-2178	278	-939	152	-217	-421
1640	-2179	349	-998	42	-178	-517
1641	-2161	370	-1086	139	-133	-477
1642	-2227	239	-1078	40	-123	-445
1643	-2219	251	-1097	-66	-126	-435
1644	-2167	372	-1151	-211	-151	-413
1645	-2159	471	-1173	-285	-182	-389
1646	-2360	604	-1102	-297	-221	-383
1647	-2373	663	-1091	-238	-214	-365
1648	-2350	617	-1071	-263	-169	-330
1649	-2338	656	-1045	-365	-94	-273
1650	-2351	734	-1013	-368	-27	-190
1651	-2319	784	-957	-269	29	-86
1652	-2291	749	-991	-152	84	1
1653	-2321	738	-955	-74	143	19
1654	-2322	667	-879	-36	166	-15
1655	-2271	628	-829	-52	163	-58
1656	-2197	635	-832	-93	163	-84
1657	-2187	726	-880	-94	136	-87
1658	-2160	766	-952	-25	68	-132
1659	-2117	735	-974	21	-12	-166
1660	-2142	688	-929	-29	-62	-163
1661	-2234	725	-951	-66	-63	-173
1662	-2151	760	-1031	-7	-42	-190
1663	-2037	703	-1158	32	-66	-191
1664	-2061	547	-1278	37	-119	-126
1665	-2296	255	-1195	-2	-131	-39
1666	-2478	161	-1014	-100	-78	44
1667	-2488	341	-886	-143	1	91
1668	-2367	504	-834	-84	46	87
1669	-2146	714	-825	-184	33	-46
1670	-2017	714	-901	-189	-62	-126
1671	-1960	632	-951	-250	-172	-153
1672	-1948	675	-957	-299	-280	-93
1673	-2028	747	-982	-279	-361	27
1674	-2012	820	-1021	-162	-418	160
1675	-1933	846	-1025	18	-481	303
1676	-1842	782	-1026	143	-527	459
1677	-1892	623	-974	121	-577	623
1678	-1889	522	-914	48	-663	791
1679	-1861	462	-902	-6	-775	1048
1680	-2002	463	-958	11	-887	1375
1681	-1961	480	-880	111	-981	1687
1682	-2010	483	-829	149	-1036	1955
1683	-1981	556	-721	132	-1053	2183
1684	-1951	794	-631	175	-1013	2436
1685	-2123	1008	-635	312	-905	2620
1686	-2227	1202	-607	482	-730	2684
1687	-2234	1446	-648	762	-555	2667
1688	-2211	1803	-685	1277	-417	2633
1689	-2188	1981	-566	1936	-292	2553
1690	-2177	1747	-564	2251	-57	2397
1691	-2157	1525	-712	2163	202	2215
1692	-1999	1559	-730	1957	380	2113
1693	-1818	1872	-870	1970	633	1840
1694	-1790	1731	-937	1933	809	1555
1695	-1719	1504	-1047	1738	1007	1357
1696	-1485	1476	-1201	1480	1191	1286
1697	-1384	1549	-1226	1464	1304	1235
1698	-1394	1468	-1281	1456	1444	1150
1699	-1340	1333	-1367	1366	1592	1074
1700	-1138	1397	-1382	1223	1707	1047
1701	-955	1608	-1471	1176	1790	985
1702	-878	1574	-1539	1178	1826	831
1703	-814	1410	-1534	1088	1857	740
1704	-703	1330	-1681	921	1871	717
1705	-488	1540	-1777	901	1800	621
1706	-425	1560	-1817	1008	1705	438
1707	-453	1292	-1893	967	1609	282
1708	-442	1004	-1931	689	1537	206
1709	-256	1122	-1993	369	1410	181
1710	-230	1249	-2061	226	1240	129
1711	-234	1290	-2078	200	1150	104
1712	-241	1224	-2103	139	1020	69
1713	-228	1169	-2105	58	950	60
1714	-113	1211	-2171	-55	818	33
1715	-106	1297	-2180	-86	722	17
1716	-102	1339	-2182	-51	581	8
1717	-116	1193	-2152	-58	379	-5
1718	-98	1160	-2129	-131	301	-1
1719	-99	1180	-2119	-178	253	-3
1720	-113	1283	-2129	-203	197	15
1721	-107	1322	-2117	-124	164	26
1722	-109	1262	-2122	-32	140	17
1723	-104	1219	-2069	-6	127	9
1724	-164	1187	-2048	-94	137	30
1725	-150	1239	-2042	-100	151	37
1726	-128	1275	-1979	-72	140	20
1727	-132	1298	-1972	-44	133	20
1728	-225	1283	-1942	-48	183	54
1729	-221	1321	-1943	10	196	67
1730	-221	1317	-1938	76	204	47
1731	-218	1324	-1932	100	206	46
1732	-216	1282	-1938	127	205	54
1733	-182	1217	-1919	80	197	55
1734	-155	1257	-1916	14	193	35
1735	-140	1293	-1898	-63	185	9
1736	-96	1308	-1881	-94	162	-13
1737	-85	1273	-1883	-160	117	-47
1738	-103	1256	-1881	-246	95	-66
1739	-110	1274	-1835	-356	94	-67
1740	-145	1360	-1853	-400	116	-65
1741	-182	1462	-1898	-309	126	-75
1742	-181	1416	-1890	-246	139	-85
1743	-130	1321	-1866	-251	133	-75
1744	-81	1259	-1895	-299	118	-80
1745	-38	1294	-1882	-400	106	-94
1746	-38	1295	-1891	-462	165	-93
1747	-34	1375	-1880	-454	83	-70
1748	-6	1482	-1847	-384	60	-40
1749	-51	1490	-1815	-257	35	-35
1750	-79	1307	-1774	-285	12	-72
1751	-97	1340	-1658	-676	30	-66
1752	-75	1495	-1744	-683	81	-24
1753	-71	1509	-1751	-531	81	13
1754	-72	1454	-1739	-403	66	46
1755	-92	1467	-1730	-321	19	123
1756	-61	1584	-1723	-214	-27	182
1757	-67	1634	-1750	-55	-92	210
1758	-20	1552	-1717	19	-169	174
1759	51	1442	-1618	-22	-256	119
1760	29	1467	-1571	-134	-296	109
