-1662,1446,-824,943,-914,585
-1605,1561,-1003,1053,-1029,778
-1563,1501,-934,1160,-1088,775
-1587,1455,-833,1198,-1150,772
-1625,1412,-726,1173,-1212,794
-1632,1404,-645,1082,-1278,844
-1638,1415,-658,961,-1339,909
-1647,1424,-668,846,-1397,961
-1669,1427,-710,737,-1433,992
-1688,1461,-714,657,-1461,993
-1757,1460,-722,589,-1480,977
-1869,1467,-707,534,-1477,940
-1938,1483,-678,494,-1462,877
-2012,1495,-698,474,-1430,801
-2038,1540,-690,476,-1383,704
-2039,1559,-686,499,-1334,600
-2032,1592,-704,541,-1273,494
-2014,1569,-694,596,-1166,313
-2038,1515,-640,577,-1087,206
-2022,1519,-582,385,-909,24
-2065,1619,-567,316,-864,39
-2071,1758,-530,303,-830,87
-1689,1814,-674,475,-598,7
-1518,1795,-779,529,-506,-99
-1377,1701,-858,556,-444,-219
-1341,1531,-843,524,-400,-298
-1365,1378,-820,416,-358,-334
-1429,1282,-827,284,-329,-326
-1528,1266,-836,157,-312,-288
-1616,1286,-880,77,-307,-217
-1654,1334,-916,58,-323,-141
-1708,1393,-948,92,-343,-63
-1728,1430,-990,153,-347,4
-1760,1459,-1052,225,-343,53
-1725,1413,-1000,317,-319,76
-1741,1377,-958,306,-302,74
-1740,1353,-916,236,-284,52
-1756,1343,-881,138,-273,24
-1787,1373,-888,34,-264,-18
-1797,1432,-870,-41,-258,-49
-1848,1476,-882,-88,-249,-84
-1902,1520,-886,-100,-237,-126
-2046,1646,-850,-50,-156,-236
-2131,1685,-795,63,11,-463
-2151,1696,-805,109,101,-640
-2167,1623,-824,112,161,-778
-2176,1541,-828,72,229,-894
-2192,1520,-811,8,300,-990
-2245,1495,-826,-52,370,-1089
-2275,1507,-819,-93,426,-1179
-2246,1491,-806,-104,498,-1260
-2209,1456,-827,-87,586,-1395
-2164,1398,-870,-68,624,-1481
-2170,1288,-875,-78,649,-1569
-2167,1250,-816,-112,671,-1631
-2122,1209,-762,-143,698,-1689
-2111,1189,-702,-171,722,-1736
-2091,1217,-664,-195,745,-1776
-2025,1234,-702,-211,751,-1801
-2008,1233,-704,-221,746,-1822
-1975,1219,-703,-235,740,-1829
-1916,1222,-746,-240,730,-1841
-1884,1227,-740,-227,711,-1847
-1859,1202,-726,-208,695,-1841
-1832,1194,-714,-186,668,-1838
-1848,1117,-809,-316,556,-1766
-1885,1180,-884,-294,508,-1679
-1895,1194,-904,-229,455,-1601
-1903,1168,-930,-181,427,-1546
-1887,1059,-945,-180,401,-1473
-1922,967,-937,-219,403,-1404
-1976,957,-941,-262,424,-1327
-1937,1037,-960,-260,443,-1192
-1897,1084,-1018,-218,459,-1095
-1836,1102,-1072,-133,460,-1008
-1842,1075,-1070,-61,450,-935
-1888,991,-1051,-14,448,-863
-1863,919,-1006,-8,455,-788
-1866,865,-968,-19,469,-695
-1797,828,-981,-53,480,-591
-1745,844,-1022,-68,472,-485
-1698,811,-1054,-82,454,-369
-1677,758,-1073,-88,404,-256
-1668,730,-1112,-110,333,-143
-1626,716,-1235,-170,134,71
-1640,858,-1304,-122,22,180
-1899,953,-987,420,-162,435
-1951,846,-917,455,-184,476
-1842,845,-985,341,-234,585
-1730,910,-1048,365,-272,638
-1637,923,-1091,421,-307,705
-1522,923,-1080,493,-331,789
-1458,918,-1067,551,-343,905
-1418,912,-1033,601,-362,1039
-1325,895,-1041,622,-389,1201
-1239,906,-1071,639,-417,1386
-1130,896,-1137,660,-446,1594
-921,837,-1224,640,-523,1973
-858,652,-1234,498,-532,2292
-799,453,-1338,209,-553,2665
-797,432,-1428,-131,-581,3020
-840,595,-1583,-720,-710,3683
-919,840,-1757,-1021,-835,4136
-1084,1320,-2069,-1174,-1057,4603
-1270,1581,-2282,-1219,-1320,5007
-1425,1877,-2332,-1225,-1633,5448
-1733,2335,-2462,-1113,-1961,5868
-4017,4187,-2209,426,-3202,6824
-5127,3579,-2005,588,-3506,6919
-8258,2397,-571,3,-3801,7333
-11425,1980,1099,-644,-3848,7256
-15431,70,2521,-1354,-3534,6498
-20277,-710,5888,-3789,-31,1720
-18261,759,9541,-4072,1940,590
-15163,2242,13962,-3287,3757,319
-10358,4154,20922,-1478,6167,645
-3370,3409,27509,2319,12184,1431
-519,3123,30059,3529,16309,1726
4000,3621,30334,4649,19322,1439
8241,3609,28743,5752,20315,848
-32768,-20185,19714,4286,18577,4591
-32768,-12840,-32768,103,1619,766
-32768,-4113,7345,1372,-492,-1837
11090,-2575,5965,-1551,1299,-473
5299,2857,-989,-1443,1028,-1237
1035,6936,-1298,719,76,-2024
910,268,5456,2654,974,-1482
51,-1516,1983,2367,1470,-764
-428,-990,199,539,1264,-362
-320,3167,-1636,-960,625,-813
-90,3915,-1611,-489,203,-1171
13,4110,-1576,680,-363,-1714
-32,3791,-1412,1509,-696,-2085
-116,3346,-1214,1972,-906,-2334
-137,2915,-973,2260,-1117,-2503
-241,2290,-859,2110,-1449,-2463
-418,2138,-889,1939,-1524,-2498
-501,2082,-909,1848,-1610,-2567
-582,2055,-838,1851,-1736,-2640
-720,1986,-693,1889,-1871,-2672
-831,1839,-653,1916,-2014,-2681
-886,1712,-645,1910,-2146,-2650
-988,1465,-663,1792,-2272,-2562
-1281,962,-811,1344,-2388,-2349
-1485,797,-892,909,-2378,-2204
-1614,790,-1056,467,-2315,-2059
-1718,848,-1165,161,-2253,-1934
-1842,940,-1206,-48,-2185,-1818
-1957,1135,-1311,-148,-1999,-1631
-2022,1188,-1311,-44,-1879,-1520
-2115,1069,-1376,582,-1625,-1137
-2208,971,-1343,744,-1590,-991
-2333,808,-1210,827,-1542,-855
-2360,668,-1115,833,-1483,-723
-2326,581,-1055,796,-1426,-579
-2260,536,-1044,749,-1356,-433
-2240,481,-1052,719,-1284,-301
-2243,441,-1063,701,-1212,-195
-2355,564,-936,693,-1066,101
-2402,581,-822,730,-1056,196
-2391,548,-731,770,-1042,247
-2390,508,-675,794,-1032,281
-2380,440,-668,760,-1021,293
-2392,419,-679,683,-1002,288
-2424,513,-655,536,-929,280
-2423,603,-593,450,-875,269
-2448,650,-554,362,-825,250
-2437,683,-538,290,-783,227
-2416,760,-539,239,-743,189
-2376,833,-556,214,-712,164
-2360,890,-587,209,-666,130
-2355,900,-606,203,-536,80
-2355,875,-587,126,-494,82
-2354,886,-605,39,-450,85
-2325,961,-659,1,-410,79
-2277,1071,-707,20,-360,57
-2221,1144,-752,90,-331,35
-2158,1135,-731,177,-304,22
-2108,1064,-713,216,-282,19
-2080,970,-688,200,-262,20
-2044,894,-687,115,-253,42
-2012,898,-674,5,-240,71
-2024,1253,-778,-47,-279,212
-2025,1271,-784,39,-299,249
-2099,1142,-704,97,-316,296
-2136,1111,-651,65,-312,317
-2190,1180,-637,34,-306,335
-2232,1274,-602,32,-298,342
-2259,1357,-598,50,-293,327
-2236,1387,-560,85,-278,291
-2237,1380,-524,97,-259,229
-2225,1392,-455,63,-233,167
-2190,1409,-453,4,-211,115
-2072,1534,-466,-85,-117,-152
-1978,1522,-560,-54,-73,-259
-1884,1469,-629,-23,-22,-369
-1771,1406,-722,-19,23,-460
-1678,1330,-813,-25,61,-529
-1624,1246,-904,-55,91,-580
-1593,1101,-1072,-141,127,-583
-1585,1023,-1174,-206,159,-545
-1577,1019,-1254,-235,207,-500
-1555,1003,-1329,-210,268,-461
-1593,997,-1347,-133,332,-441
-1644,1004,-1276,-33,387,-433
-1847,1200,-728,227,399,-304
-1869,1232,-594,270,356,-230
-1859,1231,-548,273,309,-186
-1847,1187,-537,246,263,-175
-1876,1146,-524,169,214,-165
-1994,1140,-485,36,162,-156
-2115,1195,-426,-89,106,-128
-2228,1281,-385,-191,40,-81
-2344,1345,-390,-240,-24,-20
-2404,1421,-637,-46,-226,121
-2393,1336,-682,54,-267,120
-2495,1122,-684,47,-302,90
-2539,1024,-663,-46,-303,50
-2588,996,-730,-139,-286,2
-2635,1036,-759,-186,-267,-44
-2658,1116,-748,-174,-231,-84
-2679,1172,-757,-100,-182,-128
-2749,1200,-771,6,-133,-182
-2745,1215,-728,106,-75,-237
-2715,1152,-703,200,1,-297
-2687,1059,-681,261,75,-369
-2651,1017,-654,296,171,-457
-2661,955,-657,310,256,-546
-2687,820,-562,305,415,-826
-2708,737,-521,252,449,-905
-2714,677,-501,186,472,-963
-2704,644,-481,123,490,-999
-2694,621,-472,66,505,-1020
-2665,631,-470,9,528,-1035
-2541,641,-503,-59,600,-1060
-2348,563,-616,-120,791,-1065
-2302,532,-607,-88,847,-1054
-2195,506,-583,-7,901,-996
-2113,476,-567,25,912,-934
-2028,405,-579,12,924,-860
-1932,352,-568,-36,930,-787
-1827,325,-562,-122,935,-701
-1722,362,-558,-204,931,-609
-1642,417,-567,-264,906,-501
-1625,498,-573,-316,856,-385
-1574,634,-608,-346,755,-197
-1555,711,-628,-356,675,-89
-1489,784,-701,-345,581,9
-1476,843,-780,-323,498,79
-1473,886,-842,-282,406,144
-1431,934,-905,-206,320,196
-1360,1037,-1027,143,52,391
-1393,1045,-1003,276,-39,468
-1423,1017,-903,499,-168,613
-1493,974,-837,621,-250,719
-1523,974,-784,714,-317,823
-1553,965,-734,776,-378,933
-1382,773,-777,720,-614,1432
-1253,624,-843,604,-640,1649
-1078,505,-901,452,-635,1927
-1016,385,-1003,278,-664,2269
-1069,257,-1125,10,-695,2686
-1022,147,-1229,-336,-741,3171
-1135,73,-1378,-759,-784,3677
-1162,177,-1635,-1192,-805,4193
-1196,430,-2016,-1571,-902,4704
-1257,729,-2336,-1886,-1119,5195
-1204,1220,-2507,-2082,-1455,5681
-1305,2229,-2621,-2070,-2300,6483
-1756,2883,-2802,-1879,-2948,6913
-2389,3539,-2784,-1693,-3568,7251
-2814,3939,-2545,-1494,-4139,7518
-4629,3426,-1541,-1433,-4819,8035
-8113,3106,241,-1781,-5073,8486
-11159,2614,1070,-2304,-5017,8477
-18995,1204,2525,-3170,-2427,5357
-18984,2007,6744,-2622,-813,4106
-17623,3560,9610,-1717,652,3158
-2529,3724,27869,5483,9940,1001
462,2884,31063,5113,14196,-65
4453,5035,31836,4688,17888,-894
8126,7108,30262,6039,19591,-1834
12388,7603,28004,7802,19692,-3006
-32768,-24538,-32768,1590,7290,-852
-32768,-7987,-9146,999,895,-1015
13793,-914,4464,-1878,762,-744
4920,2073,-1524,-2145,743,-1122
1250,3981,272,-558,557,-1452
221,966,4113,1332,1148,-576
96,287,313,2171,1082,271
145,-1138,-983,1861,628,571
-242,-102,-470,1128,289,698
-137,1338,-994,30,-264,545
-214,2078,-923,-605,-630,135
-121,2771,-712,-989,-858,-397
4,3132,-637,-1058,-971,-867
83,3284,-475,-963,-1046,-1251
73,3438,-421,-716,-1081,-1537
21,3640,-333,686,-1255,-2066
84,3434,-244,1354,-1424,-2230
-174,2605,403,2638,-2101,-2864
-387,2437,408,2698,-2252,-2942
-641,2193,331,2643,-2347,-2957
-812,1884,140,2456,-2415,-2919
-1104,1643,49,2168,-2421,-2854
-1203,1551,-146,1820,-2405,-2783
-1307,1541,-403,1469,-2374,-2729
-1464,1566,-618,1184,-2350,-2683
-1623,1514,-765,992,-2325,-2636
-1730,1378,-794,817,-2259,-2599
-1910,1199,-787,527,-2083,-2534
-1980,1060,-875,353,-1936,-2448
-2118,1024,-967,211,-1772,-2349
-2284,1016,-1083,138,-1625,-2252
-2409,1022,-1161,118,-1469,-2140
-2500,1067,-1303,228,-1221,-1969
-2516,1025,-1274,399,-1084,-1862
-2524,952,-1208,583,-954,-1764
-2496,911,-1185,762,-850,-1689
-2476,881,-1158,919,-761,-1588
-2449,826,-1166,1059,-691,-1467
-2512,244,-871,1444,-566,-747
-2505,208,-827,1399,-543,-632
-2436,198,-853,1340,-523,-510
-2383,275,-879,1297,-523,-400
-2304,303,-897,1259,-521,-300
-2310,258,-846,1214,-533,-215
-2319,175,-754,1025,-527,-154
-2303,209,-789,852,-495,-152
-2279,356,-822,683,-463,-138
-2228,568,-829,588,-437,-106
-2123,829,-871,565,-375,-17
-2038,889,-904,625,-328,15
-2060,887,-957,708,-299,23
-2069,826,-938,774,-291,-4
-2058,690,-898,791,-285,-12
-2019,577,-881,733,-272,-10
-1968,488,-919,624,-265,16
-1962,486,-942,500,-257,47
-1945,514,-957,398,-252,89
-1982,567,-987,342,-269,141
-2028,586,-993,304,-286,173
-2476,836,-646,178,-428,351
-2540,1009,-535,230,-499,436
-2513,1188,-525,183,-491,418
-2348,1306,-633,70,-377,332
-2195,1372,-808,-7,-243,239
-2088,1415,-995,-59,-110,155
-2057,1428,-1117,-61,13,92
-2105,1400,-1150,59,177,64
-2149,1397,-1146,229,239,89
-2193,1314,-1158,400,259,133
-2175,1236,-1127,528,244,180
-2135,1149,-1083,604,210,226
-2074,1077,-1069,635,165,257
-2028,980,-1048,616,117,271
-2040,913,-1045,558,68,256
-2001,866,-1031,459,-11,175
-2021,800,-1018,372,-69,99
-2032,760,-1007,300,-117,38
-2036,750,-996,245,-170,-16
-2060,750,-1005,200,-205,-56
-2120,758,-1023,184,-228,-100
-2196,746,-1020,185,-244,-154
-2337,587,-998,137,-213,-343
-2436,602,-982,99,-191,-377
-2481,606,-947,77,-147,-399
-2430,623,-1045,-70,60,-519
-2408,632,-1095,-132,134,-579
-2490,661,-1088,-160,202,-658
-2512,707,-1053,-153,252,-746
-2603,748,-948,-84,307,-872
-2616,749,-900,-25,333,-965
-2595,768,-904,19,352,-1043
-2527,751,-960,40,354,-1088
-2438,688,-983,42,360,-1130
-2342,579,-1004,-11,382,-1160
-2269,579,-949,-88,415,-1181
-2179,591,-949,-181,463,-1186
-2093,699,-929,-246,552,-1138
-1960,766,-953,-187,597,-1051
-1875,774,-1005,-76,611,-928
-1771,763,-1037,38,585,-785
-1715,678,-1085,108,517,-651
-1646,525,-1099,50,378,-457
-1765,820,-934,-271,146,-72
-1793,965,-855,-273,118,18
-1827,1064,-822,-220,93,123
-1856,1042,-845,-225,66,172
-1864,1043,-969,-249,27,210
-1877,1054,-1044,-261,-28,240
-1878,1237,-1256,18,-162,369
-1927,1226,-1233,246,-207,416
-1991,1130,-1204,406,-236,458
-1984,1038,-1196,515,-251,507
-1922,965,-1195,571,-276,565
-1870,904,-1193,590,-275,609
-1851,843,-1166,591,-279,650
-1888,811,-1165,597,-264,675
-1957,687,-1109,597,-262,716
-1939,639,-1099,549,-285,777
-1923,695,-1176,499,-338,887
-1952,798,-1166,553,-342,963
-1999,862,-1111,678,-317,1038
-2038,850,-1055,803,-263,1107
-2041,796,-1008,901,-173,1197
-1712,351,-1279,546,290,1813
-1547,290,-1447,291,402,2121
-1430,246,-1559,27,471,2507
-1284,291,-1815,-265,496,2936
-1232,304,-2259,-594,426,3390
-1199,155,-2615,-1039,268,3820
-1068,109,-2981,-1485,-8,4233
-1004,302,-3221,-1886,-407,4627
-3613,1896,-3285,99,-4527,7630
-8664,-347,-271,-603,-5034,8825
-12841,-2918,1845,-2533,-4925,9250
-18666,-5483,4493,-6815,-3992,7261
-20625,-2578,6160,-8237,-2188,4735
-19150,3399,10954,-6474,-229,3275
-15966,7140,17274,-1977,2464,2539
-11826,5346,23544,2869,6399,2272
-6747,548,29438,4007,10872,2137
-3849,-747,32181,2908,15479,1749
-179,1595,32767,2200,19441,1656
7385,5215,28722,5161,21707,1143
-32768,-18329,-7721,5458,16398,3799
-32768,-6406,-24779,-1395,1456,139
329,7090,-3771,874,1438,-1295
162,316,5391,3507,2530,-560
-91,-1574,1912,3246,3100,366
-155,-1506,26,2324,3111,612
975,-225,-807,1612,2668,558
1726,928,-1811,872,1054,-353
1534,1699,-1869,608,-175,-1216
1353,1796,-1885,263,-1157,-1941
1040,1690,-1768,-101,-1807,-2465
129,1515,-552,-1009,-2413,-2851
-257,1756,-310,-1125,-2307,-2557
-591,2089,-127,-1108,-2035,-2274
-828,2332,-40,-1018,-1696,-2057
-915,2525,-57,-803,-1396,-1936
-939,2721,-90,-415,-1217,-1887
-979,2836,44,78,-1155,-1915
-976,2740,374,900,-1206,-2024
-944,2583,486,1329,-1320,-2109
-1024,2397,504,1637,-1424,-2166
-1169,2183,351,1799,-1498,-2170
-1394,1923,157,1871,-1530,-2175
-1801,1689,-418,1030,-1412,-2157
-1775,1826,-675,866,-1387,-2168
-1744,1865,-842,806,-1373,-2199
-1791,1890,-983,800,-1337,-2256
-1813,1769,-1067,814,-1303,-2307
-1875,1585,-1085,771,-1291,-2332
-2039,1241,-1039,447,-1266,-2240
-2083,1178,-1015,150,-1205,-2112
-2095,1329,-1342,-73,-1085,-1964
-2064,1554,-1631,-79,-996,-1857
-1951,1682,-1775,92,-978,-1779
-2071,1687,-1751,337,-981,-1742
-2260,1219,-1233,794,-1018,-1599
-2249,983,-1056,768,-987,-1514
-2293,799,-1030,654,-944,-1395
-2546,810,-1041,512,-864,-1141
-2674,980,-996,592,-859,-986
-2751,1100,-868,855,-860,-862
-2666,1145,-777,1202,-826,-770
-2539,1087,-729,1559,-791,-695
-2399,954,-702,1848,-756,-633
-2542,485,-407,1997,-602,-566
-2490,461,-357,1813,-504,-577
-2396,398,-397,1619,-410,-580
-2341,420,-443,1444,-320,-590
-2229,444,-464,1283,-236,-595
-2128,482,-495,1140,-169,-580
-2151,558,-485,1052,-104,-545
-2112,636,-517,1016,-47,-513
-2086,672,-520,1041,-7,-480
-2024,657,-613,1201,15,-418
-1922,500,-662,1278,-12,-363
-1858,283,-771,1200,-112,-255
-1951,233,-836,1038,-196,-179
-2066,293,-855,902,-261,-110
-2329,470,-789,856,-420,81
-2331,458,-783,896,-468,151
-2379,409,-768,888,-483,185
-2393,332,-763,830,-471,192
-2416,298,-737,718,-441,177
-2446,290,-683,573,-399,174
-2560,357,-618,420,-343,184
-2795,587,-450,273,-258,261
-2571,757,-603,58,-63,320
-2335,808,-841,-46,-15,312
-2017,969,-1273,-125,3,278
-2012,1060,-1416,-6,-7,242
-2106,1131,-1348,205,-2,223
-2194,1107,-1194,408,42,222
-2304,844,-943,589,143,234
-2437,670,-832,543,180,229
-2421,589,-757,405,163,219
-2412,558,-743,274,144,210
-2351,558,-807,150,112,183
-2225,576,-925,44,75,154
-2203,631,-989,-16,62,101
-2193,644,-1043,-27,58,49
-2160,715,-1022,11,86,-40
1,1,-1,1,1,-1
-2327,653,-938,151,196,-110
-2360,522,-977,120,225,-137
-2343,454,-997,64,255,-172
-2271,456,-1043,14,267,-224
-2262,491,-1046,-2,283,-255
-2319,496,-1000,42,294,-482
-2360,451,-932,41,290,-549
-2435,344,-858,14,289,-580
-2448,321,-815,-22,272,-581
-2497,323,-869,-115,279,-580
-2486,310,-904,-205,291,-588
-2512,324,-870,-269,315,-598
-2563,377,-829,-308,346,-589
-2533,494,-778,-328,358,-576
-2460,612,-804,-334,372,-558
-2369,668,-836,-344,375,-555
-2247,753,-909,-349,348,-567
-2152,783,-914,-368,318,-575
-2043,824,-883,-405,282,-574
-1917,911,-799,-441,248,-552
-1877,983,-801,-449,211,-513
-1818,1032,-796,-450,172,-463
-1745,1031,-855,-440,132,-401
-1698,984,-1021,-422,33,-160
-1787,990,-1061,-372,9,-52
-1827,966,-1065,-312,3,43
-1897,861,-1313,-53,40,349
-1918,893,-1304,46,53,409
-1908,874,-1272,137,71,454
-1994,827,-1233,210,79,482
-2016,808,-1179,270,82,496
-2019,812,-1113,328,79,525
-2020,814,-1117,401,75,572
-2005,837,-1119,488,62,636
-1997,835,-1083,563,48,718
-1979,825,-1054,610,36,806
-1946,835,-1039,648,34,908
-1968,815,-990,655,40,1032
-1937,820,-975,628,95,1195
-1817,885,-1061,572,191,1436
-1751,880,-1175,471,322,1750
-1572,829,-1310,275,456,2120
-1524,698,-1507,-38,584,2576
-1394,624,-1818,-390,691,3061
-807,616,-2538,-1145,672,3988
-409,698,-3128,-1761,472,4617
184,2628,-5035,-1389,-1530,6431
-3235,3700,-5197,2374,-5362,8753
-8148,-844,-3134,827,-6247,9605
-16657,-3844,2428,-2722,-6994,9615
-20438,-6395,7227,-6545,-6683,6918
-22891,-6969,9104,-9543,-4338,3344
-22662,-1019,12100,-10210,-2344,1063
-17381,8417,16812,-5656,971,-177
-10515,6409,19967,1643,4596,-225
-8493,-2569,29326,3814,9234,216
-4397,-6411,32767,771,15063,1141
-589,-2778,31800,-1484,19616,2529
3521,2482,28744,607,21886,3806
13811,2130,29133,6434,22528,3926
-32768,5065,-32768,-3376,5515,-778
-32768,3280,12812,859,202,-3177
8079,-5191,9834,-1469,2219,-2314
4226,4632,-1711,-2838,2863,-2429
2888,6314,-2137,642,2053,-2288
1333,936,5104,2919,2723,-949
913,-320,601,3689,3246,224
607,-2141,-1368,2758,3022,1060
1132,2597,-2595,291,757,1809
1,1,-1,1,1,-1
859,2505,-1159,-179,-2301,-776
402,2913,-971,-411,-2375,-906
287,3354,-925,-405,-2278,-884
-128,3393,-724,-238,-2100,-860
-466,3150,-449,-111,-1836,-939
-774,3049,-149,-20,-1527,-1087
-1093,2953,192,191,-1090,-1422
-1104,2949,224,505,-941,-1717
-1048,2967,226,935,-898,-2008
-969,2827,204,1356,-959,-2232
-921,2668,218,1734,-1061,-2430
-959,2424,212,1991,-1193,-2597
-1104,2086,149,2044,-1338,-2715
-1317,1836,131,1916,-1449,-2819
-1461,1680,33,1643,-1494,-2912
-1593,1622,-195,1306,-1495,-2984
-1633,1646,-376,985,-1482,-3053
-1662,1661,-593,722,-1456,-3104
-1740,1585,-876,441,-1406,-3177
-1816,1364,-1038,-22,-1352,-3262
-2040,1200,-1163,-302,-1314,-3218
-2165,1174,-1319,-471,-1217,-3148
-2135,1427,-1815,-190,-924,-2840
-2142,1509,-1873,140,-856,-2675
-2217,1506,-1789,513,-828,-2501
-2317,1437,-1645,917,-802,-2317
-2365,1221,-1476,1282,-786,-2143
-2402,957,-1317,1555,-767,-1959
-2449,635,-1240,1685,-719,-1759
-2464,392,-1185,1702,-637,-1546
-2444,243,-1099,1647,-546,-1326
-2378,170,-984,1492,-380,-951
-2369,166,-856,1427,-267,-736
-2355,177,-781,1386,-156,-559
-2327,240,-764,1378,-71,-428
-2270,297,-749,1395,-11,-315
-2231,327,-743,1413,36,-220
-2107,333,-746,1415,60,-108
-2151,220,-747,1353,18,-86
-2145,158,-737,1231,-56,-87
-2164,406,-919,835,-407,-7
-2059,538,-989,880,-473,75
-2021,633,-1030,986,-521,153
-2068,652,-986,1112,-549,212
-2131,588,-927,1221,-575,247
-2215,339,-893,1210,-509,313
-2210,340,-904,1131,-450,336
-2226,380,-896,1082,-399,361
-2264,390,-872,1044,-353,380
-2375,334,-831,1017,-330,392
-2435,230,-787,965,-307,389
-2461,177,-785,893,-287,374
-2458,180,-798,825,-244,364
-2406,191,-847,770,-201,364
-2360,213,-878,739,-148,372
-2353,181,-996,671,-97,358
-2376,62,-993,566,-92,317
-2551,-5,-952,385,-124,280
-2639,135,-889,189,-159,260
-2696,392,-844,51,-187,260
-2631,557,-859,-21,-169,273
-2083,1054,-1261,-51,71,260
-1872,1047,-1410,-43,108,249
-1760,1034,-1577,-41,107,238
-1700,1031,-1651,-5,78,244
-1816,1037,-1604,106,65,261
-2072,994,-1448,280,56,286
-2284,903,-1268,443,61,316
-2398,829,-1121,554,64,349
-2220,511,-1097,462,50,339
-2141,457,-1139,290,15,264
-2121,531,-1146,171,-20,181
-2109,650,-1113,137,-35,108
-2172,675,-986,224,-22,21
-2177,595,-930,267,0,-10
-2251,456,-905,242,18,-29
-2255,355,-884,150,32,-36
-2242,281,-932,46,45,-58
-2215,239,-1010,-62,50,-78
-2206,257,-1078,-126,61,-102
-2228,352,-1101,-169,61,-111
-2279,477,-1086,-162,66,-106
-2277,450,-1075,-269,124,-112
-2254,401,-1137,-359,138,-167
-2302,433,-1161,-402,157,-231
-2310,490,-1192,-385,171,-294
-2287,507,-1162,-330,182,-334
-2298,523,-1168,-272,191,-351
-2257,536,-1149,-239,197,-342
-2356,484,-1122,-215,182,-317
-2384,501,-1027,-223,136,-272
-2347,475,-992,-235,109,-242
-2212,648,-892,-303,88,-208
-2132,792,-843,-303,99,-164
-2037,925,-773,-278,120,-102
-1948,1016,-759,-240,128,-49
-1859,1072,-791,-197,122,-4
-1750,1135,-808,-143,100,31
-1634,1177,-833,-95,58,64
-1541,1225,-848,-38,0,125
-1514,1284,-857,28,-67,197
-1504,1331,-844,117,-136,283
-1489,1373,-830,226,-198,393
-1528,1267,-859,634,-270,860
-1600,1208,-872,680,-267,1033
-1616,1167,-914,698,-240,1206
-1633,1113,-1025,707,-235,1367
-1647,773,-1115,606,-317,1692
-1654,144,-1096,163,-457,1967
-1414,-250,-1035,-689,-578,2311
-1131,-158,-1187,-1573,-712,2601
-810,-117,-1581,-2446,-908,2859
-299,380,-2330,-3038,-1305,3130
-377,839,-3046,-3185,-1874,3426
-394,1206,-3456,-2896,-2508,3837
-2446,3528,-3871,-271,-4182,5750
-3345,4579,-4530,1207,-4790,6607
-5168,4952,-4114,2255,-5272,7342
-7287,4858,-2915,2667,-5398,7874
-10303,4397,-1653,2531,-5306,8228
-14262,2553,334,1798,-4871,7933
-18949,-1861,3146,11,-4245,6659
-22633,-5389,5338,-2840,-3187,4306
-11021,1692,21251,-431,5513,-786
-4936,-3450,27131,1497,8673,296
-2336,-5291,32219,516,13091,1747
1113,-2941,32767,-508,17479,3266
4863,120,31526,852,20375,4358
8664,1399,30310,3703,21230,4430
20187,-4522,32767,5166,21722,4770
-32768,17112,-32768,-4763,4848,-1630
-32768,3721,-2088,910,-1047,-2840
7543,-5689,11752,-2023,-495,-3008
3047,8929,-2092,-3925,1990,-3296
3361,5137,1257,2133,1818,-2029
2803,1265,2572,3808,2188,-900
1920,-375,104,2894,2139,-389
1062,-1290,-351,1126,1964,306
702,1389,-765,-2214,583,1370
503,3342,-1654,-1523,118,1330
193,4014,-2152,-243,-422,981
380,3851,-1836,842,-917,582
143,3689,-1277,1574,-1299,287
-418,3125,-663,2217,-1594,-99
-1249,2405,88,1842,-1228,-929
-1116,2383,265,1142,-996,-1372
-1029,2411,179,752,-908,-1687
-1092,2450,69,532,-843,-2014
-1134,2543,-22,471,-829,-2283
-1195,2599,14,511,-836,-2510
-1282,2598,2,590,-897,-2668
-1378,2602,-31,710,-965,-2805
-1398,2570,-119,851,-1023,-2907
-1378,2371,-250,992,-1097,-2999
-1490,2091,-427,1051,-1179,-3073
-1719,1739,-684,950,-1263,-3150
-1894,1545,-686,788,-1295,-3118
-1952,1512,-789,628,-1286,-3040
-1984,1585,-916,583,-1267,-2950
-2061,1564,-980,652,-1254,-2868
-2123,1481,-1055,755,-1232,-2798
-2179,1346,-1098,850,-1208,-2743
-2377,801,-1102,937,-997,-2525
-2469,726,-1045,912,-879,-2420
-2587,638,-1035,888,-760,-2295
-2463,820,-1165,1342,-354,-1746
-2400,742,-1179,1668,-265,-1589
-2403,620,-1178,1925,-200,-1411
-2490,494,-1122,2097,-148,-1231
-2457,365,-1027,2206,-87,-1060
-2288,129,-969,2216,18,-806
-2186,33,-935,2135,65,-661
-2169,-11,-942,2001,81,-554
-2169,-29,-902,1839,68,-464
-2200,-90,-892,1658,35,-382
-2224,-110,-827,1478,-6,-306
-2162,-73,-856,1334,-64,-228
-2082,-44,-961,1234,-135,-140
-2012,-22,-1092,1151,-219,-54
-1930,-22,-1182,1074,-304,26
-1928,-17,-1249,990,-423,98
-1998,13,-1241,920,-539,145
-2150,181,-1151,863,-676,220
-2175,263,-1115,910,-706,236
-2209,281,-1049,973,-682,241
-2409,107,-957,889,-519,197
-2303,35,-1134,524,-311,108
-2261,92,-1172,505,-279,118
-2361,138,-1123,515,-272,197
-2422,109,-1029,506,-267,244
-2449,45,-987,462,-237,247
-2446,-3,-1001,361,-212,232
-2449,-40,-1030,225,-171,227
-2629,79,-970,108,-136,235
-2790,381,-818,52,-124,267
-2783,626,-707,82,-107,319
-2722,770,-711,118,-76,360
-2463,847,-809,100,-35,379
-2165,917,-1009,29,5,385
-1823,994,-1291,-41,26,375
-1548,1058,-1639,-36,-1,360
-1486,1054,-1873,64,-63,353
-1761,964,-1821,255,-128,352
-2118,787,-1541,465,-130,365
-2388,552,-1221,609,-83,398
-2669,153,-959,591,34,436
-2698,-51,-908,368,117,412
-2293,447,-1139,-323,136,127
1,1,-1,1,1,-1
-2108,535,-1184,46,-12,-169
-2196,333,-1109,97,-4,-203
-2355,157,-1017,30,22,-216
-2485,46,-978,-96,54,-207
-2522,68,-943,-261,96,-185
-2490,156,-982,-405,130,-157
-2439,289,-1040,-510,158,-136
-2383,401,-1106,-552,199,-131
-2256,561,-1126,-506,274,-155
-2223,593,-1118,-408,336,-188
-2281,539,-1088,-294,375,-230
-2286,476,-1043,-220,389,-260
-2361,418,-1004,-192,379,-282
-2394,347,-957,-215,354,-279
-2441,331,-933,-341,300,-274
-2448,407,-896,-422,273,-271
-2398,506,-849,-463,256,-269
-2377,597,-843,-473,247,-253
-2321,656,-822,-482,239,-236
-1961,1026,-997,-470,194,-209
-1929,1081,-995,-431,172,-207
-1929,1091,-989,-379,148,-183
-1959,1001,-1023,-286,82,-59
-1982,1000,-1053,-249,63,12
-1998,995,-1105,-204,60,78
-1995,980,-1154,-141,50,143
-2076,955,-1157,-84,40,199
-2110,889,-1142,-20,19,232
-2141,836,-1123,15,6,255
-2136,782,-1122,6,-7,277
-2071,802,-1150,-14,-18,281
-2022,834,-1212,3,-34,272
-1948,802,-1258,72,-88,261
-1995,746,-1250,103,-138,259
-2132,721,-1104,131,-163,268
-2156,712,-1058,159,-169,279
-2166,669,-1066,165,-173,296
-2126,632,-1102,161,-172,317
-2085,652,-1146,143,-174,346
-2062,720,-1167,137,-176,379
-1939,1014,-1136,402,-107,519
-1876,1002,-1152,531,-68,583
-1858,939,-1147,642,-33,666
-1829,793,-1146,693,18,783
-1843,629,-1169,622,96,950
-1776,536,-1279,472,171,1139
-880,162,-2001,-389,227,1903
-523,181,-2264,-740,108,2229
-246,231,-2621,-1039,-172,2628
-173,434,-3512,-1345,-872,3410
-59,612,-4602,-1369,-1594,4049
-146,1311,-5622,-943,-2663,4814
-815,2057,-6178,-20,-3632,5617
-1901,3320,-6010,1318,-4590,6634
-3839,4173,-5386,2776,-5526,7553
-6860,1248,-3284,3659,-6266,8348
-12780,-4924,405,2522,-6683,8740
-18857,-14599,8336,-5016,-6681,6167
-19253,-15869,12884,-12628,-4774,3030
-17932,-4770,19967,-16226,-3037,1258
-13308,9226,22683,-9450,656,1265
1958,-7847,32767,-2307,19844,6415
8463,1495,27570,-1327,22306,7922
11849,3525,26907,3480,22303,8024
-32768,15257,-32768,-819,1062,-828
32296,-3275,16063,18,-452,-2655
5526,2069,4106,-3386,3664,-753
1349,9243,-3641,-1483,3473,-1194
2384,10905,-218,4040,3324,-1029
1540,-495,-834,5900,2900,-434
1328,-2241,-445,4141,1979,-108
775,-2982,-478,2139,1417,426
1154,-1664,-1067,752,650,594
926,148,-1581,229,-176,352
506,1193,-1610,8,-787,5
54,1866,-1390,-92,-1102,-371
-204,2183,-1175,-76,-1230,-758
-407,2325,-851,23,-1252,-1071
-708,2507,-335,178,-1053,-1372
-718,2517,-181,364,-957,-1537
-748,2609,-73,721,-965,-1713
-1040,2192,259,2128,-1539,-2214
-1170,1831,244,2218,-1630,-2253
-1385,1494,134,2123,-1684,-2303
-1508,1245,-55,1884,-1668,-2332
-1589,1125,-394,1540,-1635,-2348
-1679,1255,-784,1185,-1605,-2360
-1729,1408,-1004,937,-1615,-2387
-1787,1426,-1093,723,-1715,-2423
-1876,1333,-1037,695,-1753,-2465
-1876,1112,-1193,636,-1766,-2500
-1968,947,-1467,515,-1728,-2496
-2485,546,-1781,10,-1550,-2263
-2690,573,-1729,-64,-1470,-2088
-2783,665,-1621,-20,-1397,-1901
-2782,688,-1631,100,-1282,-1694
-2628,727,-1872,470,-1103,-1380
-2511,765,-1924,846,-1004,-1208
-2441,692,-1862,1229,-933,-1009
-2510,585,-1720,1519,-901,-821
-2550,400,-1555,1686,-873,-599
-2517,194,-1405,1734,-844,-378
-2310,482,-1026,1209,-639,388
-2368,534,-872,1228,-623,365
-2371,453,-834,1195,-621,320
-2344,415,-838,1117,-606,250
-2283,413,-869,1040,-602,188
-2286,477,-937,987,-609,136
-2281,522,-945,950,-611,113
-2300,545,-934,940,-618,119
-2401,558,-901,941,-619,139
-2329,517,-933,947,-616,178
-2297,461,-1064,950,-596,200
-2256,437,-1141,935,-565,201
-2217,410,-1186,927,-526,200
-2354,445,-1094,885,-419,226
-2362,432,-1031,878,-386,256
-2358,399,-1055,858,-344,265
-2306,362,-1101,821,-305,256
-2262,313,-1134,764,-271,227
-2266,291,-1138,704,-235,181
-2511,241,-949,572,-177,119
-2699,371,-724,504,-172,91
-2258,556,-921,184,-66,70
-2029,588,-1133,-19,-73,58
-1841,621,-1371,-187,-113,73
-1867,708,-1518,-234,-138,97
-1932,762,-1559,-181,-135,117
-2065,802,-1472,-37,-92,158
-2192,804,-1326,131,-3,206
-2449,648,-1093,283,139,271
-2489,554,-1039,244,199,274
-2454,489,-996,117,222,221
-2344,483,-1034,-40,219,149
-2243,563,-1116,-176,186,59
-2137,720,-1211,-231,147,-24
-2067,837,-1270,-178,99,-87
-2047,888,-1273,-38,60,-132
-2123,764,-1229,113,25,-168
-2265,213,-1075,48,-14,-227
-2258,166,-1082,-120,-2,-242
-2232,215,-1109,-282,11,-252
-2222,326,-1163,-376,32,-249
-2202,459,-1195,-407,44,-241
-2214,583,-1210,-219,101,-205
-2221,503,-1175,-221,121,-218
-2217,486,-1150,-250,137,-234
-2232,508,-1039,-282,179,-251
-2217,563,-1012,-277,201,-263
-2218,584,-1003,-270,217,-275
-2254,579,-978,-265,211,-282
-2258,565,-970,-276,192,-302
-2262,607,-949,-302,159,-312
-2249,625,-966,-323,116,-304
-2250,703,-989,-343,76,-300
-2222,817,-995,-328,23,-267
-2178,862,-1018,-290,1,-243
-2124,869,-1008,-265,-17,-219
-2092,901,-983,-251,-29,-194
-2038,934,-1000,-241,-48,-165
-2008,977,-1023,-223,-73,-122
-1976,1008,-1032,-191,-91,-80
-1926,1139,-1012,-17,-164,64
-1888,1141,-985,44,-180,108
-1812,1146,-974,132,-187,213
-1771,1082,-944,286,-222,434
-1721,997,-943,336,-243,573
-1702,966,-998,382,-256,678
-1688,1027,-1015,446,-276,802
-1648,1003,-1029,486,-311,917
-1609,945,-1004,467,-350,1039
-1545,914,-987,388,-403,1186
-1373,841,-939,237,-471,1364
-1220,747,-920,-6,-557,1604
-850,782,-1046,-586,-705,2168
-649,931,-1238,-967,-824,2684
-564,1034,-1409,-1269,-957,3221
-566,1161,-1590,-1507,-1077,3675
-574,1383,-1994,-1701,-1167,4128
-565,1840,-2584,-1787,-1314,4570
-825,2468,-3247,-1644,-1528,5026
-1644,4098,-4480,-519,-2433,5838
-2853,5328,-5064,946,-3277,6344
-4434,6162,-5150,2693,-4053,6823
-6364,5550,-4525,3966,-4705,7094
-23491,-9180,5365,-829,-5207,5066
-15578,3565,11676,-11852,931,-958
-7908,5201,17582,-610,2524,415
-3729,-3872,28903,4058,6364,2994
-1431,-9802,32639,1524,11466,5025
2453,-5394,32767,-883,16255,6366
5818,-301,31937,495,19280,6946
8282,1135,28957,3464,20439,6704
-32768,6374,-32768,4189,-1998,-3313
26014,-12365,9290,-2970,-2253,-2409
4216,2804,4740,-6545,1740,40
1881,13287,-1648,-1226,2462,12
2631,11974,-1483,4736,2338,-614
2351,6257,-2022,6055,1836,-978
1160,2370,-2174,5615,1296,-955
1559,-342,-666,4291,865,-471
1708,-1086,601,2920,754,89
1304,-1290,1188,1675,729,660
986,-252,952,794,646,922
704,1617,-818,1215,-15,469
382,1614,-823,1626,-488,-116
-29,1464,-433,1771,-662,-580
-466,1696,-163,1557,-521,-1384
1,1,-1,1,1,-1
-526,1794,273,2038,-858,-1837
-855,1591,-18,2118,-947,-1984
-1062,1432,-146,2149,-993,-2095
-1148,1247,-175,2097,-1048,-2181
-1314,1028,-258,1791,-1185,-2241
-1521,964,-350,1501,-1273,-2237
-1699,945,-488,1256,-1293,-2228
-1804,829,-668,1042,-1301,-2222
-1877,724,-844,832,-1309,-2204
-1975,578,-893,602,-1316,-2183
-2097,389,-932,335,-1346,-2129
-2216,298,-971,24,-1376,-2045
-2608,444,-1293,-403,-1259,-1853
-2790,478,-1536,-529,-1126,-1717
-2851,519,-1693,-545,-990,-1651
-2990,501,-1861,-471,-891,-1647
-3029,481,-1900,-338,-838,-1699
-3138,490,-1933,-173,-830,-1758
-3277,510,-1918,4,-848,-1769
-3099,-77,-1467,415,-712,-1296
-2956,-283,-1495,286,-573,-1153
-2797,-187,-1638,151,-433,-1034
-2533,771,-1624,464,-190,-661
-2345,836,-1490,735,-197,-555
-2127,707,-1598,912,-305,-486
-1959,350,-1738,898,-527,-445
-1910,140,-1826,675,-785,-427
-2017,263,-1680,455,-981,-397
-2206,589,-1192,369,-1019,-263
-2239,699,-1053,480,-899,-143
-2378,699,-1022,615,-709,-50
-2348,619,-989,698,-544,-2
-2265,560,-979,727,-420,9
-2190,503,-1075,709,-367,2
-2102,480,-1147,661,-371,-24
-2074,523,-1209,618,-400,-55
-2097,595,-1183,667,-428,-66
-2144,497,-1116,745,-411,-51
-2321,373,-1009,773,-378,-49
-2312,77,-1012,422,-309,-42
-2298,176,-1048,274,-303,-48
-2323,291,-1069,187,-304,-46
-2298,390,-1063,151,-299,-43
-2321,457,-1054,148,-291,-27
-2367,464,-1041,141,-287,-6
-2382,454,-969,123,-284,22
-2383,383,-952,-87,-162,117
-2473,398,-989,-181,-83,153
-2693,557,-954,-210,-7,177
-2750,771,-868,-164,66,206
-2648,918,-832,-73,136,241
-2365,989,-963,-23,178,290
-1826,1180,-1325,-22,137,353
-1584,1312,-1508,85,44,384
-1592,1308,-1566,309,-53,395
-1904,968,-1316,676,-105,381
-2108,632,-1078,782,-72,373
-2306,371,-931,730,-18,371
-2409,227,-822,599,27,372
-2498,170,-791,422,57,355
-2177,499,-1082,-170,-96,114
-2113,656,-1150,-164,-169,23
-2101,785,-1136,-49,-214,-56
-2131,774,-1074,68,-218,-83
-2181,639,-1021,123,-190,-93
-2202,505,-999,95,-142,-84
-2230,412,-1036,10,-94,-66
-2220,349,-1089,-131,-51,-37
-2222,409,-1172,-246,-12,-10
-2216,737,-1226,-265,70,42
-2222,804,-1182,-156,89,54
-2228,610,-999,-53,77,33
-2226,539,-982,-161,48,-11
-2200,611,-990,-214,28,-39
-2228,694,-948,-192,-2,-40
-2211,719,-905,-167,-23,-17
-2134,733,-886,-161,-33,31
-2046,764,-906,-147,-41,59
-1964,809,-885,-124,-51,85
-1978,855,-852,-109,-67,119
-1990,924,-849,-84,-71,166
-1824,953,-991,107,-61,396
-1770,889,-1037,159,-55,558
-1553,760,-1115,80,38,902
-1351,684,-1210,-67,102,1273
-1020,620,-1469,-176,120,1977
-926,684,-1770,-306,101,2618
-976,755,-2258,-483,-3,3541
-983,799,-2542,-633,-130,4242
-773,1080,-3171,-945,-371,5213
-679,1560,-3740,-1030,-833,5865
-1942,4193,-5136,334,-3013,7350
-4133,6607,-4531,2692,-4687,7919
-8251,4613,-1642,4461,-6414,8396
-17489,-4210,4945,2246,-7087,7218
-20923,-13186,6946,-4515,-5617,4163
-19275,-7934,18126,-15661,-2082,837
-13567,7711,22508,-14251,2190,149
-927,9536,23341,4463,6389,2214
213,-6550,32767,6304,13350,3781
5953,-2957,31871,-399,21381,5713
8937,4591,28293,3804,22655,5800
8323,8616,2413,-3262,4570,898
23,12670,-6759,4789,3408,-1192
5136,3575,555,7413,3447,-1636
1491,-3896,-889,3711,1532,-1312
-455,-2710,1879,772,1773,395
63,818,295,1187,1777,1104
-261,1144,-1325,2763,1182,751
-85,1061,-1193,3194,835,293
233,786,-709,3064,403,-279
396,1217,-598,2695,133,-610
320,1580,-386,2337,-250,-931
122,1455,-170,2032,-505,-1305
-220,1834,-130,887,-989,-2138
-290,2127,-488,521,-1219,-2496
-450,1691,-694,262,-1426,-2810
-619,1325,-739,-255,-1618,-3086
-846,1287,-762,-746,-1778,-3227
-1167,1453,-1031,-1183,-2035,-3273
-1236,1578,-1309,-1153,-2276,-3233
-1406,1590,-1543,-791,-2600,-3179
-1736,1434,-1824,-337,-2675,-3090
-2364,1088,-1917,420,-2685,-2585
-2405,870,-1896,517,-2630,-2361
-2814,484,-1928,471,-2453,-2091
-2984,462,-1857,381,-2244,-1881
-3219,314,-1722,321,-1989,-1624
-3301,200,-1516,296,-1733,-1397
-3332,339,-1571,360,-1278,-1085
-3141,592,-1640,664,-868,-841
-2916,797,-1647,1198,-552,-648
-2776,796,-1381,1674,-372,-521
-2520,433,-1045,1954,-244,-385
-2210,62,-1028,1762,-281,-291
-1952,-167,-1098,1203,-404,-207
-1990,61,-1095,742,-516,-155
-2154,686,-840,770,-478,30
-2161,668,-802,978,-418,68
-2169,498,-884,1055,-360,93
-2116,404,-1001,974,-339,85
-2230,407,-1110,863,-362,46
-2257,406,-1078,816,-389,3
-2375,323,-1013,769,-383,-53
-2320,285,-1111,561,-253,-151
-2245,287,-1162,533,-219,-168
-2268,287,-1138,521,-226,-182
-2235,253,-1087,506,-239,-183
-2220,127,-1063,424,-251,-151
-2295,72,-991,301,-244,-122
-2472,-48,-879,109,-193,-84
-2677,46,-822,-53,-152,-72
-2884,498,-764,-136,-124,-34
-2719,798,-758,-131,-62,16
-2190,1029,-1020,-170,47,63
-1817,1096,-1286,-267,66,53
-1442,1241,-1724,-269,-15,47
-1541,1293,-1786,-79,-93,85
-1974,1209,-1392,384,-69,210
-2317,929,-1101,672,-12,337
-2436,547,-853,718,58,437
-2095,399,-1059,-3,-44,410
-2083,662,-1089,-138,-112,365
-2180,886,-985,0,-156,309
-2254,789,-980,175,-147,260
-2311,344,-1059,80,-88,55
-2360,430,-1048,-16,-88,23
-2390,434,-1063,-45,-89,27
-2361,410,-1090,-91,-88,25
-2325,401,-1100,-110,-68,10
-2336,394,-1026,-158,-4,-42
-2393,426,-999,-201,54,-98
-2365,500,-1003,-292,119,-174
-2246,605,-1046,-335,148,-211
-2145,701,-1066,-308,153,-204
-2158,708,-1042,-214,148,-162
-2266,606,-973,-184,129,-134
-2347,444,-909,-286,87,-88
-2355,441,-962,-446,69,-46
-2313,686,-975,-543,58,-15
-2245,873,-1003,-456,63,-1
-2160,981,-974,-263,92,1
-2114,1010,-951,-133,102,-3
-2070,967,-878,-15,83,-5
-1997,846,-888,43,-15,28
-2032,862,-851,51,-45,60
-2093,844,-832,83,-89,233
-1997,930,-940,120,-119,305
-1934,1020,-1008,219,-152,363
-1875,1131,-988,427,-179,439
-1822,1100,-887,664,-205,580
-1732,1070,-907,757,-205,695
-1544,1005,-966,854,-204,909
-1426,885,-1051,855,-184,1156
-1213,674,-1236,721,-129,1616
-1062,677,-1524,607,-137,2089
-1090,591,-1840,502,-182,2791
-1144,570,-2062,470,-196,3356
-1170,536,-2421,458,-340,4140
-1211,611,-2609,298,-518,4721
-1291,567,-3235,-113,-932,5538
-1583,982,-3702,-376,-1508,6210
-2491,2102,-3826,-256,-2445,7143
-3773,2762,-3851,32,-3215,7646
-8930,251,-1712,-452,-4633,8469
-16043,-1995,2286,-2422,-4727,7826
-15750,6961,15717,-7551,1304,713
-1756,-5402,32767,2842,13828,3170
2617,-1462,32767,446,19171,4045
7035,3886,29110,4578,22340,4613
-32768,-7316,-25679,8452,11618,4390
-32768,-7376,458,-1247,-344,594
5392,5564,6805,-3762,3087,461
890,12983,-2415,2676,2799,-1194
874,2818,5977,7602,3847,-1375
915,-1711,1366,7245,4156,-964
451,-4608,804,4643,3708,-496
1967,-1818,-680,1704,2678,-28
2007,-323,-2103,845,1238,-160
1648,1264,-2418,655,-441,-722
1300,1580,-2117,801,-1361,-1205
641,1260,-1424,501,-1912,-1631
69,1772,-797,-334,-1889,-1890
-162,2209,-526,-792,-1783,-1947
-318,2594,-386,-910,-1807,-2132
-477,2527,-270,-721,-1857,-2343
-704,2348,-46,-403,-1999,-2639
-1476,2061,-674,161,-2167,-2815
-1579,1957,-870,334,-2217,-2846
-1912,1681,-935,471,-2330,-2974
-2512,1216,-1296,322,-2265,-2896
-2604,1156,-1396,257,-2120,-2771
-2794,1085,-1539,301,-1832,-2578
-2876,1139,-1706,479,-1632,-2460
-3010,1216,-1824,893,-1395,-2278
-3016,1171,-1795,1281,-1232,-2149
-2938,919,-1623,1721,-1020,-1977
-2947,597,-1358,1983,-854,-1680
-2813,378,-1160,2027,-745,-1429
-2712,144,-1010,1968,-590,-1075
-2653,52,-936,1841,-474,-825
-2408,163,-893,1702,-333,-518
-2140,265,-913,1731,-274,-288
-1823,255,-978,1775,-284,-20
-1721,143,-1031,1681,-415,145
-1817,130,-941,1444,-592,311
-1962,211,-689,1306,-637,402
-2053,298,-551,1203,-607,482
-2268,352,-732,942,-367,391
-2244,400,-831,871,-343,296
-2239,456,-1012,856,-357,177
-2273,441,-1064,861,-384,103
-2334,430,-1019,868,-409,31
-2357,383,-997,862,-417,-8
-2509,210,-972,582,-340,-92
-2502,223,-1053,413,-281,-114
-2421,313,-1191,291,-219,-129
-2395,412,-1224,286,-172,-116
-2412,488,-1178,354,-103,-78
-2457,382,-1067,363,-57,-54
-2635,453,-857,267,-24,-60
-2585,619,-744,194,-7,-43
-2300,751,-842,33,43,13
-1928,841,-1077,-155,65,62
-1556,1039,-1436,-251,40,134
-1524,1067,-1640,-88,-11,189
-1904,960,-1473,294,-43,267
-2194,777,-1211,539,-6,361
-2398,497,-966,604,79,453
-2315,459,-1105,-56,69,333
-2234,697,-1184,-111,-14,272
-2124,883,-1275,57,-133,238
-2103,795,-1252,312,-210,197
-2133,633,-1185,353,-216,154
-2242,504,-1075,244,-188,104
-2237,496,-1018,113,-164,77
-2174,566,-1084,-30,-114,74
-2151,746,-1125,10,-45,56
-2174,732,-1130,92,-5,27
-2151,585,-1100,155,21,-32
-2196,488,-1059,127,35,-56
-2263,438,-988,17,42,-50
-2244,420,-1002,-93,30,-43
-2170,435,-1107,-231,9,-54
-2126,544,-1117,-279,-3,-60
-2136,652,-1039,-231,2,-53
-2163,659,-971,-189,12,-35
-2247,619,-896,-221,3,-15
-2235,635,-931,-291,-19,1
-2212,722,-1000,-343,-59,21
-2304,746,-865,-63,-37,39
-2214,672,-865,-19,-7,41
-2142,669,-895,-63,5,45
-2012,785,-904,-85,-1,69
-1908,855,-884,-60,-5,114
-1751,919,-840,-65,-6,240
-1599,1061,-838,-48,-1,391
-1396,1222,-935,72,-31,650
-1209,1273,-1019,189,-96,907
-951,1446,-1266,323,-232,1370
-694,1682,-1548,705,-771,2484
-643,1529,-1601,729,-1020,2927
-617,1159,-1830,442,-1373,3620
-817,1023,-1980,-7,-1626,4107
-871,1416,-2198,-614,-2034,4873
-1120,1957,-2362,-764,-2480,5449
-1578,2799,-2518,-463,-3323,6177
-3118,4205,-2294,487,-4509,6988
-4760,4944,-1771,1222,-5254,7413
-9003,3464,224,1255,-6204,8119
-13579,341,3225,91,-6206,7614
-18123,2051,8485,-6426,-1045,1194
-11523,4882,17165,906,2176,241
-6150,-2038,25009,3701,6435,839
1275,-3318,29542,596,13118,2487
4080,1337,31000,2013,17881,3273
7277,1729,31333,5737,21272,3152
11976,2805,31186,7145,21690,2033
-32768,-25907,-32768,-1169,306,1959
29811,-270,11233,-1107,-2495,-1017
4871,7513,1961,-2258,2605,-1147
2640,11077,-2713,3514,2546,-1387
3619,1054,3198,8656,3475,-1673
838,-3820,1219,3075,2887,-1084
1347,-896,-1091,1103,1996,-811
1418,191,-2140,700,1105,-915
1189,1089,-2233,917,-9,-1269
797,1247,-1782,1159,-619,-1512
213,773,-1182,842,-1077,-1796
-226,940,-960,251,-1277,-2038
-367,1621,-976,-312,-1534,-2420
-482,2054,-792,-361,-1776,-2740
-1004,1890,-674,-87,-2291,-3356
-1400,1734,-861,-250,-2304,-3426
-1627,1733,-1072,-276,-2330,-3459
-1730,1762,-1123,-55,-2332,-3493
-1891,1645,-1277,175,-2266,-3461
-1984,1369,-1354,443,-2191,-3369
-2328,989,-1351,504,-2197,-3170
-2690,608,-1327,367,-2090,-2958
-3100,427,-1635,94,-1722,-2659
-3267,562,-1875,57,-1455,-2471
-3222,797,-1897,361,-1173,-2240
-3130,1007,-1881,784,-1019,-2002
-2881,791,-1744,1382,-870,-1643
-2564,481,-1898,1809,-850,-1303
-1903,-92,-1898,2027,-959,-869
-1793,191,-1165,1484,-1185,-73
-2054,383,-682,1401,-1053,130
-2273,464,-360,1267,-823,272
-2245,393,-301,1082,-687,298
-2161,402,-510,827,-602,289
-2174,473,-708,669,-590,290
-2358,613,-902,797,-765,359
-2279,620,-945,872,-816,332
-2264,612,-926,867,-828,306
-2442,541,-846,815,-803,225
-2562,504,-834,746,-733,159
-2560,486,-928,659,-592,57
-2492,525,-1062,645,-492,-7
-2452,581,-1099,687,-375,-64
-2538,518,-1077,748,-321,-98
-2475,464,-1012,780,-280,-137
-2408,455,-1002,762,-267,-165
-2346,517,-989,711,-269,-197
-2382,641,-950,686,-263,-202
-2325,799,-1006,723,-261,-187
-2475,833,-975,793,-261,-169
-2735,984,-828,979,-274,-160
-2963,1108,-706,1135,-266,-166
-1408,1766,-1863,1392,-175,-181
-1615,1749,-1706,1969,-209,-100
-1892,1488,-1412,2384,-135,26
-2659,486,-722,2691,92,332
-2537,241,-771,2386,112,285
-2310,226,-900,2059,97,207
-2177,372,-946,1757,50,132
-2191,352,-886,1671,13,119
-2259,295,-871,1667,17,126
-2252,226,-858,1684,36,161
-2219,-32,-816,1652,54,220
-2202,-178,-851,1513,62,266
-2138,-221,-964,1281,66,335
-2090,-165,-1061,1136,57,376
-2050,-47,-1192,1019,3,415
-2064,-11,-1194,967,-37,409
-2201,-64,-1095,914,-76,374
-2291,-101,-1012,862,-92,326
-2333,-116,-1003,768,-100,245
-2349,-67,-1068,657,-100,140
-2343,-74,-1061,583,-119,55
-2311,-98,-1035,459,-136,-15
-2265,-124,-1067,348,-142,-31
-2270,-47,-1122,196,-128,6
-2350,-45,-1176,99,-87,27
-2351,52,-1169,38,-60,16
-2332,87,-1175,5,-49,-6
-2307,101,-1165,-30,-36,-49
-2305,86,-1178,-61,-44,-70
-2294,134,-1206,-65,-55,-86
-2287,142,-1244,-49,-63,-90
-2282,110,-1223,-44,-59,-92
-2277,60,-1223,-76,-51,-95
-2263,53,-1227,-134,-42,-86
-2269,99,-1254,-165,-44,-78
-2262,168,-1284,-156,-52,-56
-2271,161,-1300,-134,-51,-54
-2269,113,-1250,-129,-60,-41
-2262,107,-1231,-164,-58,-15
-2264,155,-1231,-181,-45,7
-2245,200,-1257,-203,-15,29
-2275,249,-1251,-198,-6,29
-2282,270,-1270,-188,-4,26
-2294,288,-1289,-168,-1,24
-2297,299,-1284,-111,1,35
-2318,213,-1239,-147,14,17
-2286,219,-1256,-179,10,7
-2271,241,-1282,-170,20,18
-2232,220,-1282,-157,34,28
-2229,199,-1252,-161,42,29
-2265,205,-1207,-200,44,18
-2279,222,-1207,-213,41,4
-2247,220,-1235,-211,46,-19
-2232,205,-1220,-207,60,-40
-2218,170,-1215,-241,81,-48
-2242,166,-1208,-289,77,-47
-2277,138,-1195,-314,62,-50
-2269,71,-1183,-366,38,-59
-2252,80,-1206,-411,20,-65
-2233,83,-1177,-455,8,-50
-2238,44,-1107,-501,4,-36
-2278,53,-1035,-588,-2,-10
-2263,69,-1022,-648,-14,9
-2263,170,-1108,-688,-41,12
-2263,230,-1128,-686,-49,7
-2254,230,-1079,-686,-53,4
-2121,202,-1064,-826,-35,40
-2131,219,-1073,-870,-38,80
-2197,212,-1023,-925,-26,151
-2234,210,-1000,-974,-15,192
-2305,377,-1051,-1070,40,283
-2290,502,-1141,-1080,85,290
-2274,549,-1208,-1068,102,273
-2265,646,-1222,-1046,122,215
-2293,702,-1180,-985,134,165
-2314,686,-1151,-934,128,131
-2302,633,-1159,-923,109,95
-2265,655,-1192,-919,92,77
-2213,739,-1221,-872,75,70
-2190,836,-1194,-779,80,65
-2169,864,-1159,-646,92,87
-2142,823,-1144,-571,90,114
-2114,832,-1150,-527,73,161
-2116,891,-1149,-475,61,197
-2109,938,-1096,-341,36,246
-2103,937,-1050,-254,19,297
-2116,881,-1014,-170,-16,362
-2108,792,-1070,-153,-79,464
-2115,845,-1028,-124,-75,499
-2060,873,-1033,-44,-54,559
-1902,880,-1107,49,-38,622
-1732,853,-1178,105,-54,682
-1505,755,-1239,146,-101,816
-1308,486,-1415,-85,-243,1336
-1316,507,-1482,-224,-300,1606
-1323,583,-1542,-299,-470,2085
-1391,594,-1568,-340,-551,2464
-1610,473,-1565,-531,-595,3069
-1675,482,-1670,-792,-546,3533
-1806,638,-1686,-1200,-516,4109
-1855,922,-1619,-1537,-555,4590
-2105,1382,-1553,-1774,-679,5065
-2382,1821,-1464,-1859,-891,5454
-2775,2580,-1234,-1723,-1336,5831
-3460,2871,-954,-1536,-1775,5865
-4648,3431,-596,-1486,-2456,5769
-7171,3385,10,-1136,-3210,5025
-9965,1898,439,-553,-3506,3865
-17890,-5074,6340,-5300,702,-326
-13109,-399,11688,-5541,2800,-156
-6966,1147,22741,-2091,4302,943
2620,-1074,29333,879,10263,3334
2955,-320,32767,1678,16522,4538
6521,102,32450,3024,22460,5435
19047,-2953,32767,5410,24351,5376
-32768,-4409,-26560,3086,17,2579
4617,9401,-6949,330,3400,-2743
2647,8517,-3640,5618,1389,-3348
2640,-2375,-2337,4516,211,-3479
439,-3517,-811,1929,-591,-2859
-2669,-3104,2593,-1112,496,-975
-2293,-378,1331,-1717,1430,511
-1110,2746,-1411,1118,1360,1663
-740,2555,-1897,3557,1012,1788
-132,1858,-1705,4507,530,1594
328,1098,-843,4182,-316,1179
508,1216,-393,3249,-797,893
422,1486,-580,1953,-1191,507
203,1596,-934,1147,-1275,98
-311,2136,-1245,-531,-1328,-1220
-444,2446,-1067,-480,-1437,-1421
-571,2620,-1150,-84,-1548,-1416
-661,2678,-1397,785,-1707,-1269
-756,2512,-1469,1591,-1867,-1120
-840,2146,-1395,2595,-2134,-906
-914,1813,-1204,3142,-2314,-658
-954,1295,-990,3352,-2427,-211
-1038,991,-924,3159,-2385,176
-1126,709,-980,2519,-2197,687
-1004,883,-1107,1396,-1855,1166
-919,1049,-1106,1003,-1753,1343
-879,1099,-1107,758,-1685,1482
-1030,948,-1086,343,-1525,1701
-1093,934,-1239,-39,-1358,1857
-1066,1166,-1469,-352,-1196,1983
-1018,1358,-1458,-387,-1114,2080
-967,1743,-1476,-175,-1034,2208
-1021,1857,-1547,160,-980,2320
-1138,1935,-1829,698,-864,2436
-1233,1823,-1860,1142,-773,2502
-1121,1634,-1779,2031,-515,2705
-1124,1555,-1782,2240,-374,2756
-1079,1456,-1815,2287,-265,2784
-991,1145,-1892,2128,-111,2810
-951,912,-1905,1761,25,2833
-779,1002,-1887,1418,99,2864
-607,972,-1830,1006,163,2955
-485,942,-1826,648,187,2999
-389,833,-1809,180,192,3009
-295,926,-1832,-151,177,2961
-165,1125,-1845,-463,132,2905
-77,1137,-1872,-639,96,2857
25,1095,-1826,-832,-18,2718
83,1356,-1847,-1010,-274,2450
139,1420,-1831,-1047,-350,2351
285,1512,-1831,-1153,-448,2308
366,1566,-1839,-1209,-532,2307
448,1584,-1833,-1286,-661,2260
544,1683,-1856,-1315,-756,2187
614,1703,-1929,-1373,-868,2038
565,1567,-1974,-1710,-1122,1624
458,1642,-2017,-1750,-1196,1472
430,1774,-2017,-1680,-1256,1362
366,1808,-1980,-1459,-1326,1223
303,1756,-1957,-1255,-1391,1080
209,1625,-1866,-1116,-1439,968
135,1558,-1804,-1089,-1455,921
100,1563,-1694,-1137,-1464,916
90,1535,-1639,-1210,-1461,917
108,1550,-1605,-1332,-1458,892
135,1571,-1553,-1417,-1478,873
149,1567,-1512,-1471,-1491,842
161,1558,-1467,-1536,-1500,819
139,1555,-1433,-1644,-1468,783
164,1540,-1416,-1759,-1433,720
153,1545,-1371,-1884,-1408,637
139,1706,-1256,-2061,-1279,576
170,1818,-1214,-2048,-1211,577
202,1891,-1162,-1988,-1175,574
208,1992,-1070,-1880,-1133,598
172,2019,-1011,-1798,-1089,635
117,2042,-948,-1555,-881,652
145,2067,-885,-1408,-795,615
129,2068,-833,-1294,-731,612
152,2113,-783,-1111,-636,599
156,2093,-784,-942,-560,578
196,2060,-756,-694,-462,524
234,2056,-764,-486,-394,504
252,1987,-665,-236,-299,519
235,1928,-652,-97,-192,544
267,1935,-682,67,-44,523
323,1892,-693,202,55,491
380,1887,-653,372,145,445
387,1915,-645,561,204,474
350,1888,-654,684,232,491
345,1837,-691,820,252,482
389,1805,-715,899,267,466
422,1734,-772,956,294,455
438,1692,-768,959,309,444
546,1595,-829,834,357,374
608,1574,-879,728,366,304
634,1582,-917,651,353,253
665,1671,-963,487,318,192
711,1700,-990,486,287,151
757,1704,-988,501,246,126
731,1587,-979,476,184,136
661,1488,-997,412,166,164
544,1355,-1215,368,148,205
488,1837,-1210,448,152,232
666,1604,-1055,548,124,432
644,1482,-1128,561,76,433
643,1408,-1111,503,9,383
628,1457,-1084,414,-49,367
658,1444,-1093,340,-86,396
650,1426,-1096,239,-122,396
652,1389,-1109,152,-152,389
680,1450,-1160,70,-189,372
690,1505,-1194,36,-197,378
693,1543,-1214,27,-197,333
849,1490,-1174,1,-206,287
925,1442,-1195,-84,-212,272
871,1417,-1247,-177,-204,287
809,1413,-1260,-315,-196,304
563,1524,-1387,-430,-180,250
559,1579,-1405,-278,-213,186
590,1617,-1367,-137,-230,162
604,1548,-1338,39,-258,141
635,1348,-1277,103,-268,102
701,1343,-1259,63,-264,75
813,1440,-1204,67,-302,130
717,1370,-1219,115,-268,141
719,1425,-1218,61,-201,152
688,1467,-1234,34,-150,155
702,1518,-1256,25,-119,154
680,1517,-1270,47,-87,139
648,1566,-1300,52,-64,111
620,1471,-1316,42,-46,53
633,1429,-1322,-8,-29,2
605,1371,-1320,-100,-20,-48
589,1381,-1359,-164,-10,-47
535,1449,-1399,-198,7,-36
559,1472,-1385,-191,10,-30
541,1451,-1375,-181,16,-16
549,1446,-1359,-165,20,-9
585,1501,-1314,74,12,56
601,1456,-1307,207,26,46
646,1378,-1255,271,123,99
654,1382,-1302,241,165,124
673,1469,-1326,225,206,145
686,1500,-1350,263,220,129
680,1479,-1381,288,204,106
639,1434,-1383,266,175,57
646,1390,-1369,216,159,28
672,1349,-1335,94,144,15
691,1332,-1351,2,128,6
698,1329,-1353,-100,141,-5
738,1330,-1307,-131,139,13
801,1377,-1291,-76,116,25
764,1304,-1231,-76,95,17
744,1354,-1189,-109,109,29
749,1404,-1198,-96,112,38
740,1400,-1177,-62,94,25
747,1375,-1180,-69,114,37
746,1439,-1197,-108,146,55
776,1521,-1237,-89,158,97
708,1645,-1288,93,120,173
684,1535,-1261,141,79,162
