1,1,-1,1,1,-1
910,402,-1929,-2,-111,13
1,1,-1,1,1,-1
934,382,-1894,-94,-121,-30
1053,350,-1837,-293,-163,-93
1110,327,-1806,-402,-195,-133
1162,312,-1763,-519,-234,-186
1192,305,-1730,-632,-273,-239
1228,287,-1717,-752,-309,-309
1214,305,-1675,-881,-342,-380
1199,320,-1673,-1016,-358,-454
1239,388,-1683,-1139,-378,-530
1301,440,-1677,-1237,-405,-596
1319,501,-1642,-1311,-436,-664
1353,549,-1634,-1357,-477,-729
1404,646,-1624,-1388,-551,-790
1450,672,-1570,-1390,-629,-844
1453,690,-1531,-1398,-720,-903
1314,755,-1362,-1679,-1078,-1153
1254,800,-1346,-1835,-1110,-1216
1232,871,-1348,-1952,-1132,-1272
1212,1008,-1347,-2034,-1161,-1319
1174,1115,-1323,-2073,-1201,-1356
1126,1215,-1304,-2086,-1243,-1386
1057,1295,-1288,-2071,-1287,-1405
964,1356,-1296,-2040,-1326,-1415
883,1408,-1256,-2007,-1371,-1410
802,1431,-1254,-1978,-1407,-1394
285,1654,-1236,-1703,-1544,-1191
171,1664,-1226,-1624,-1585,-1165
72,1664,-1236,-1576,-1602,-1137
-22,1694,-1237,-1535,-1616,-1105
-89,1737,-1230,-1490,-1630,-1058
-258,1750,-1254,-1407,-1653,-949
-302,1801,-1278,-1329,-1670,-890
-380,1793,-1295,-1238,-1686,-852
-418,1811,-1314,-1150,-1708,-839
-789,1789,-1305,-975,-1766,-775
-854,1867,-1320,-979,-1753,-695
-885,1956,-1323,-972,-1749,-597
-908,2008,-1333,-937,-1728,-476
-949,2048,-1332,-909,-1719,-366
-1006,2087,-1355,-898,-1696,-251
-1073,2124,-1375,-902,-1670,-139
-1145,2146,-1438,-913,-1621,-35
-1207,2188,-1502,-925,-1545,55
-1257,2169,-1566,-921,-1462,121
-1362,2183,-1618,-916,-1360,163
-1483,2189,-1727,-922,-1144,222
-1520,2212,-1815,-897,-992,216
-1507,2206,-1887,-821,-867,170
-1388,2132,-1901,-432,-588,-137
-1338,2046,-1864,-245,-530,-293
-1283,2024,-1820,-81,-505,-408
-1221,1968,-1785,103,-516,-502
-1223,1926,-1737,268,-548,-576
-1163,1656,-1587,652,-737,-713
-1134,1658,-1566,683,-785,-740
-1129,1666,-1523,717,-840,-764
-1109,1634,-1477,737,-893,-792
-1136,1568,-1434,745,-936,-833
-1166,1509,-1402,721,-982,-880
-1196,1453,-1355,663,-1011,-921
-1251,1402,-1323,581,-1034,-959
-1314,1382,-1295,441,-1042,-1022
-1356,1390,-1250,369,-1032,-1060
-1382,1389,-1235,335,-1013,-1091
-1409,1391,-1205,310,-995,-1136
-1466,1347,-1181,276,-968,-1192
-1493,1330,-1165,242,-933,-1239
-1550,1367,-1186,223,-890,-1287
-1561,1421,-1182,220,-840,-1332
-1554,1504,-1194,263,-789,-1376
-1547,1558,-1180,338,-755,-1430
-1570,1514,-1183,558,-643,-1665
-1601,1232,-1082,354,-446,-2008
-1636,1217,-1094,197,-404,-2092
-1673,1269,-1077,50,-355,-2189
-1678,1345,-1102,-39,-311,-2289
-1695,1422,-1110,-62,-288,-2397
-1701,1410,-1132,41,-244,-2607
-1711,1315,-1104,142,-221,-2734
-1712,1226,-1103,217,-192,-2837
-1653,1114,-1099,273,-158,-2901
-1628,1011,-1064,312,-131,-2926
-1599,880,-990,329,-100,-2905
-1617,766,-981,312,-81,-2853
-1665,667,-934,262,-65,-2749
-1700,632,-874,196,-53,-2609
-1744,601,-834,135,-41,-2439
-1813,507,-796,67,-38,-2247
-1911,456,-762,-22,-43,-2063
-2081,351,-781,-209,-66,-1723
-2166,348,-812,-296,-79,-1498
-2614,166,-957,-239,-127,-940
-2762,72,-978,-238,-113,-876
-2873,40,-1013,-224,-63,-774
-2897,-5,-1059,-24,-85,-604
-2870,-115,-1034,-3,-108,-542
-2838,-240,-1037,-64,-114,-513
-2803,-302,-1015,-179,-111,-516
-2789,-296,-1049,-289,-82,-555
-2738,-238,-1067,-362,-45,-610
-2684,-133,-1094,-364,10,-680
-2611,-56,-1110,-303,64,-759
-2535,-9,-1080,-175,118,-828
-2511,-12,-1000,-60,160,-891
-2503,-72,-894,14,204,-945
-2482,-99,-785,36,237,-989
-2441,-126,-735,20,271,-1025
-2409,-138,-675,-24,298,-1049
-2362,-95,-668,-58,320,-1072
-2304,-58,-652,-79,344,-1097
-2107,-106,-673,-118,350,-1116
-2082,-96,-718,-131,347,-1102
-2062,-82,-772,-123,337,-1080
-2018,-57,-793,-89,318,-1054
-1978,-83,-841,-56,299,-1020
-1939,-158,-856,-50,269,-972
-1927,-242,-879,-91,237,-919
-2056,-331,-938,-346,173,-721
-2105,-245,-1085,-422,171,-640
-2167,-151,-1201,-413,175,-591
-2280,-74,-1219,-346,183,-547
-2296,4,-1208,-269,197,-486
-2308,126,-1181,-186,217,-395
-2303,115,-1216,-153,222,-284
-2314,82,-1281,-196,226,-168
-2331,81,-1347,-285,227,-51
-2323,144,-1470,-379,232,57
-2242,325,-1673,-471,217,207
-2215,660,-2082,-248,-17,388
-2214,790,-1993,-88,-71,414
-2206,825,-1935,92,-95,432
-2157,817,-1843,263,-104,447
-2091,791,-1764,398,-103,456
-2046,703,-1669,495,-84,453
-1988,626,-1595,543,-52,455
-1972,520,-1519,557,-6,451
-1938,454,-1441,549,40,471
-1891,407,-1379,530,93,502
-1888,368,-1358,507,137,552
-1866,350,-1358,492,161,600
-1850,318,-1357,479,173,647
-1803,245,-1366,445,124,751
-1793,236,-1365,434,108,773
-1793,252,-1345,443,99,778
-1915,274,-1246,469,99,760
-2001,222,-1193,468,88,739
-2005,163,-1161,422,73,716
-2017,106,-1249,184,-22,650
-2032,115,-1282,192,-19,638
-2084,60,-1288,211,-12,623
-2155,-11,-1287,199,-4,609
-2182,-52,-1254,173,4,590
-2224,-80,-1257,134,19,566
-2267,-87,-1253,99,37,551
-2320,-98,-1238,61,63,532
-2404,-135,-1229,-45,121,506
-2446,-170,-1216,-139,169,479
-2445,-168,-1247,-207,214,452
-2432,-197,-1268,-262,265,424
-2415,-184,-1317,-309,323,405
-2356,-224,-1353,-342,391,398
-2280,-316,-1382,-400,477,419
-2137,-459,-1427,-565,680,537
-2107,-579,-1436,-713,842,672
-1917,-946,-1494,-1379,1178,1161
-1832,-1022,-1527,-1799,1281,1405
-1905,-762,-1815,-3236,1381,2393
-2019,-611,-1873,-3383,1353,2647
-2219,-494,-1889,-3515,1304,2900
-2413,-290,-1914,-3597,1267,3158
-2684,-266,-1881,-3727,1235,3414
-2960,-196,-1802,-3940,1269,3607
-3220,94,-1684,-4167,1302,3786
-3433,302,-1540,-4323,1365,3913
-3804,646,-1314,-4403,1495,4005
-4258,1282,-1154,-4338,1624,4071
-4729,1615,-820,-4150,1773,4102
-5790,2114,-388,-3679,2168,3793
-6361,2323,163,-3268,2420,3404
-6776,2301,706,-2995,2773,2925
-6830,2468,1231,-2858,3123,2433
-7284,2446,2367,-2970,3593,1809
-7079,2799,3339,-3190,4140,1220
-6855,2962,4458,-3374,4728,652
-6491,3399,5795,-3317,5477,205
-2186,4253,8504,-230,8597,-88
-278,3661,9039,1021,8950,-130
4771,-92,7602,1242,8591,-937
6395,-763,5122,0,7983,-1469
6776,-76,3464,-857,7120,-1875
7486,1302,2273,-1066,6265,-1998
7704,2165,862,-776,5338,-1960
7484,2074,-224,-457,4310,-1916
7092,1654,-1004,-548,3321,-1813
5972,2044,-1386,-1312,1838,-1264
5503,2787,-1837,-1319,831,-757
5087,3406,-1943,-849,-100,-298
4484,3328,-1768,-320,-924,70
3558,2713,-1195,-135,-1607,333
2784,2532,-827,-343,-2081,529
2108,2936,-671,-484,-2446,662
1558,3595,-443,-180,-2743,717
922,3854,287,974,-3092,682
541,3652,631,1589,-3183,545
-512,3205,1003,2293,-3016,-397
-771,3058,873,2275,-2945,-617
-942,2927,647,2212,-2863,-822
-1100,2789,488,2171,-2770,-1008
-1185,2783,410,2183,-2701,-1216
-1194,2722,331,2232,-2671,-1396
-1342,2131,246,2101,-2605,-1834
-1362,2106,91,2018,-2573,-1909
-1407,2106,-90,2070,-2579,-1963
-1481,2068,-174,2197,-2592,-1997
-1492,1990,-208,2385,-2623,-2010
-1512,1846,-218,2574,-2662,-1995
-1560,1759,-175,2746,-2691,-1954
-1549,1592,-223,2885,-2704,-1886
-1599,1440,-247,2969,-2722,-1785
-1732,1283,-266,3020,-2704,-1674
-1934,973,-317,3017,-2587,-1473
-2027,866,-394,2971,-2491,-1355
-2026,751,-441,2912,-2405,-1253
-2187,333,-573,2501,-1932,-835
-2229,243,-580,2375,-1838,-744
-2248,202,-458,2232,-1679,-627
-2255,175,-492,2200,-1580,-545
-2249,96,-503,2205,-1488,-469
-2269,5,-549,2198,-1367,-386
-2347,-117,-563,2177,-1249,-322
-2414,-306,-550,2110,-1127,-266
-2503,-433,-503,1998,-992,-204
-2601,-575,-467,1865,-843,-129
-2897,-956,-720,1392,-339,102
-2967,-1023,-975,1159,-134,140
-2993,-1025,-1120,987,8,165
-2783,-1116,-1291,795,96,233
-2456,-1313,-1802,542,-25,326
-2086,-1400,-2443,187,-367,385
-2452,-820,-2954,-17,-757,370
-2676,-239,-2383,51,-932,377
-2855,70,-1667,289,-895,401
-2716,69,-946,333,-385,226
-2619,196,-1002,55,-345,99
-2579,324,-1056,-105,-321,1
-2579,360,-1072,-153,-291,-77
-2597,342,-1061,-142,-269,-126
-2606,312,-1036,-109,-234,-157
-2547,289,-1028,-74,-194,-156
-2492,276,-1057,-52,-152,-142
-2418,267,-1112,-48,-127,-117
-2418,272,-1133,-52,-115,-98
-2374,275,-1083,-71,-113,-81
-2304,335,-1057,-146,-86,-77
-2264,381,-1029,-208,-63,-94
-2241,432,-1020,-236,-32,-104
-2252,476,-1009,-253,-6,-110
-2186,513,-1073,-204,67,-91
-2159,496,-1084,-200,98,-65
-2140,459,-1081,-220,117,-15
-2128,432,-1067,-245,120,21
-2170,296,-1072,-397,112,131
-2158,252,-1095,-463,121,167
-2166,223,-1135,-554,154,209
-2179,173,-1180,-667,198,258
-2134,143,-1252,-803,253,316
-2077,168,-1323,-939,311,374
-1937,260,-1540,-1131,477,564
-1798,368,-1771,-1162,576,755
-1620,390,-1983,-1161,621,975
-1548,351,-2020,-1164,647,1218
-1483,349,-2092,-1202,641,1505
-1492,262,-2169,-1332,614,1836
-1423,195,-2234,-1551,574,2203
-1470,89,-2343,-2192,465,2909
-1525,254,-2289,-2678,356,3392
-1539,1086,-2267,-3072,77,4054
-1684,1630,-2357,-3021,-163,4408
-1881,2067,-2437,-2774,-381,4621
-2098,2440,-2402,-2330,-617,4780
-5346,1845,-592,-585,-785,4745
-6853,1327,405,-934,-508,4758
-8218,594,719,-1385,9,4597
-9497,492,1117,-1789,713,4205
-10292,812,1605,-1887,1558,3648
-10992,1291,2666,-1669,2529,2976
-11019,1362,4183,-1298,3649,2266
-10494,1491,5663,-931,4848,1636
-9698,1527,7467,-693,6118,1152
-8444,1733,9315,-462,7372,907
-7004,2022,10898,-236,8620,888
-4283,2779,12437,624,10615,1310
-1817,3471,12904,1916,11550,1572
961,3622,12475,3439,11751,1538
3045,2576,11698,4393,11332,1233
4969,1048,11238,4345,10662,526
8433,-354,8776,3148,9715,-407
9460,-371,5850,1859,8420,-1496
9702,391,4042,1040,7073,-2634
8877,1333,-690,-1922,3160,-4000
8005,2012,-1199,-1801,2469,-3486
7055,2452,-1459,-1385,1830,-2702
6127,2427,-1464,-811,1213,-1865
4193,1984,-1280,38,-514,398
3433,2023,-1081,56,-1001,981
2871,2206,-872,61,-1425,1373
2401,2472,-624,99,-1806,1554
1638,2809,-20,201,-2315,1462
1215,3032,239,262,-2535,1200
910,3282,325,372,-2655,942
685,3565,261,580,-2748,704
441,3448,404,855,-2824,434
206,3153,676,975,-2838,149
78,3012,865,980,-2787,-146
-10,2877,871,937,-2765,-435
-157,2871,781,882,-2768,-703
-270,2985,419,1008,-2811,-1205
1,1,-1,1,1,-1
-669,2421,352,2302,-3055,-1866
-782,2178,379,2401,-3099,-1908
-882,2019,430,2427,-3136,-1945
-943,1910,382,2414,-3186,-1969
-1034,1801,316,2394,-3249,-1973
-1075,1686,248,2355,-3316,-1973
-1209,1529,204,2258,-3335,-1943
-1458,1327,80,1960,-3332,-1807
-1801,1235,30,1612,-3193,-1598
-1848,1278,-33,1588,-3099,-1494
-1970,1282,-232,1620,-3000,-1384
-2032,1271,-342,1699,-2956,-1305
-2099,1232,-391,1789,-2898,-1237
-2203,1168,-392,1877,-2830,-1172
-2281,1112,-347,1968,-2757,-1115
-2374,1037,-346,2025,-2646,-1054
-2513,863,-468,2049,-2411,-959
-2575,758,-556,2049,-2251,-925
-2578,641,-579,2052,-2119,-912
-2608,259,-687,1900,-1686,-840
-2776,161,-750,1821,-1537,-819
-2812,50,-771,1747,-1369,-793
-2771,-126,-702,1593,-1074,-707
-2699,-193,-650,1469,-892,-605
-2712,-262,-684,1353,-733,-493
-2665,-248,-738,1248,-583,-390
-2642,-204,-781,1195,-438,-296
-2675,-214,-847,1177,-303,-201
-2668,-272,-887,1133,-164,-116
-2679,-399,-893,1058,-8,-37
-2653,-544,-917,905,160,36
-1873,-839,-1613,50,281,320
-1521,-953,-2408,-463,-161,416
-2073,-50,-2770,-748,-636,401
-2471,425,-2154,-689,-914,427
-2702,780,-1426,-385,-960,451
-2824,1016,-994,27,-878,462
-2833,971,-955,331,-762,454
-2691,373,-1048,-126,-389,65
-2620,570,-1185,-330,-281,-50
-2565,673,-1244,-298,-215,-86
-2543,720,-1234,-206,-159,-87
-2484,707,-1194,-106,-97,-71
-2448,658,-1168,-27,-35,-35
-2407,616,-1175,16,23,-10
-2330,582,-1142,7,66,18
-2218,604,-1078,-59,101,42
-2150,671,-1059,-85,101,46
-2099,709,-982,-88,100,51
-2045,710,-948,-106,98,56
-2052,703,-883,-188,97,97
-2005,708,-925,-245,109,142
-1934,668,-973,-295,126,208
-1903,690,-1010,-332,149,257
-1822,763,-1174,-314,183,420
-1675,601,-1553,-356,219,768
-1639,634,-1689,-433,231,950
1,1,-1,1,1,-1
-1656,883,-2171,-648,23,2447
-1707,859,-2177,-753,-69,2742
-1746,859,-2186,-916,-175,3040
-1870,889,-2132,-1130,-263,3328
-1939,1082,-2080,-1320,-371,3618
-1969,1273,-2027,-1456,-516,3873
-2152,1722,-1997,-1561,-791,4207
-2488,1933,-2044,-1542,-1008,4362
-2772,2083,-1969,-1451,-1179,4429
-3226,2282,-1811,-1301,-1323,4478
-3834,2470,-1723,-1065,-1314,4431
-4364,2554,-1617,-749,-1286,4386
-5424,2384,-1219,-439,-1263,4438
-7864,1622,-87,-267,-822,4519
-9943,740,377,-565,-75,4350
-12117,673,1547,-1215,1507,3551
-12903,1130,3482,-1347,2834,2754
-8403,2801,13461,382,8168,319
-6405,3152,15253,817,9740,177
-188,5087,17836,3860,13501,345
3642,4588,16478,5661,13488,-33
6208,2515,14872,6181,12661,-509
9051,-405,12619,5029,11618,-1388
11526,-1806,8452,2907,10123,-2245
11669,-582,5534,1238,8448,-3232
11946,-223,2168,-555,5567,-4574
10687,6,888,-1953,4306,-4674
10075,1038,-178,-2661,3615,-4442
8927,2276,-803,-2729,3149,-3875
7953,3060,-1352,-2174,2811,-3002
6565,3427,-1919,-331,2085,-1155
6029,2613,-2308,589,1335,-164
5273,1824,-2144,945,570,458
4372,1200,-1984,716,-137,878
3554,909,-1795,78,-765,1129
3013,1309,-1388,-574,-1371,1213
1475,3818,-151,469,-2896,1015
1154,3343,412,855,-2920,843
723,2445,1115,360,-2722,442
533,2607,1170,-221,-2570,95
369,3028,1107,-431,-2469,-218
274,3480,855,-263,-2396,-525
124,3831,557,228,-2356,-760
-250,3532,420,1974,-2233,-1145
-306,3143,466,2395,-2200,-1245
-378,2898,430,2626,-2213,-1339
-446,2707,329,2786,-2288,-1443
-426,2386,146,3068,-2564,-1635
-375,2208,187,3218,-2803,-1756
-435,1969,106,3264,-3034,-1794
-631,1739,38,3195,-3230,-1766
-797,1571,104,3039,-3399,-1700
-946,1358,185,2799,-3533,-1603
-1177,1165,198,2501,-3631,-1487
-1356,1078,245,2187,-3680,-1405
-1985,926,-168,1077,-3639,-1139
-2148,1031,-221,883,-3562,-1091
-2278,1063,-219,924,-3516,-1067
-2368,1107,-123,1028,-3458,-1035
-2493,1133,-99,1161,-3342,-976
-2633,1093,-258,1314,-3149,-922
-2678,1049,-440,1532,-2974,-889
-2702,970,-525,1770,-2814,-890
-2645,746,-452,2129,-2573,-834
-2752,588,-296,2241,-2431,-752
-2857,318,-184,2240,-2296,-665
-2934,-173,-569,1887,-1650,-511
-2957,-192,-629,1743,-1404,-464
-2955,-149,-619,1634,-1221,-407
-2910,-130,-573,1574,-1072,-304
-2920,-148,-641,1510,-938,-184
-2859,-178,-731,1452,-812,-58
-2802,-276,-858,1372,-677,57
-2767,-605,-912,1052,-469,231
-2557,-405,-1102,-380,76,575
-2425,22,-1395,-415,175,622
-2396,252,-1683,-309,117,639
-2144,205,-1911,-176,-50,677
-2037,61,-2124,-218,-392,682
-2443,604,-2024,-423,-936,588
-2684,819,-1563,-305,-1021,544
-2829,933,-1255,-84,-929,467
-2916,957,-1124,89,-787,392
-2944,853,-1076,184,-636,304
-2947,678,-1072,186,-491,201
-2892,545,-1098,112,-361,88
-2752,527,-1205,-100,-159,-75
-2639,536,-1305,-172,-56,-139
-2616,545,-1304,-188,6,-180
-2456,493,-1200,-146,190,-192
-2374,478,-1188,-146,235,-181
-2285,522,-1159,-131,266,-175
-2244,538,-1108,-111,283,-181
-2057,626,-984,-605,309,-69
-1957,716,-1099,-611,323,36
-1884,715,-1203,-626,350,152
-1658,732,-1548,-671,430,457
-1465,891,-1840,-650,455,751
-1379,977,-1998,-582,430,1058
-1351,1018,-2102,-506,376,1396
-1288,1066,-2194,-462,301,1763
-1273,1036,-2273,-455,183,2130
-1323,945,-2287,-534,78,2505
-1309,1107,-2392,-786,-197,3160
-1279,1259,-2314,-944,-456,3564
-1276,1467,-2315,-1031,-720,3844
-1324,1705,-2349,-1072,-1000,4067
-1387,1934,-2368,-1019,-1335,4254
-1498,1987,-2201,-939,-1664,4408
-1658,2028,-1954,-914,-1989,4544
-1822,2291,-1681,-820,-2259,4620
-2477,2480,-1263,-470,-2672,4608
-12450,-846,2070,-644,-1474,3898
-14200,-1857,2995,-1876,-523,3002
-14722,-1749,4551,-3057,572,2185
-13943,-394,7102,-3635,1767,1498
-12246,2087,10171,-2957,3071,900
-9649,3314,12989,-1470,4741,678
-5147,2479,17932,713,8510,942
-3000,2339,20318,1285,11553,1509
-713,3601,20886,2356,13916,1958
2191,4700,20260,4079,15491,2070
5745,4713,19138,6055,15935,1577
7978,3507,16864,7219,15505,970
11183,1236,14749,6750,14574,85
12936,-878,7522,3937,11546,-1679
13576,-749,3885,2667,8865,-3359
12127,-2270,1423,-174,5269,-4641
10597,-1734,835,-2878,4035,-4864
9687,824,-267,-4346,3541,-4728
9002,3615,-1002,-4080,3181,-4316
5750,1321,-2030,647,1612,-1362
4850,787,-1833,396,1141,-656
4022,788,-1741,33,628,-11
3426,1194,-1710,-232,129,496
2502,2677,-1165,13,-903,1222
2288,3029,-741,427,-1191,1284
2058,3171,-392,785,-1420,1203
1822,3132,8,992,-1574,1011
1601,2902,444,986,-1653,724
1392,2648,740,694,-1675,396
1171,2655,796,271,-1706,21
973,2811,711,-88,-1772,-352
729,3107,527,-262,-1826,-678
444,3720,283,181,-1915,-1131
294,3729,115,819,-2059,-1335
192,3547,122,1436,-2204,-1499
100,3269,191,1985,-2375,-1649
-29,2898,256,2386,-2577,-1789
-135,2593,315,2635,-2840,-1914
-710,1602,499,2535,-3661,-1949
-949,1418,487,2301,-3790,-1859
-1176,1302,495,2032,-3887,-1774
-1332,1247,492,1761,-3949,-1696
-1411,1194,447,1519,-3991,-1603
-1557,1230,366,1326,-3997,-1512
-1736,1271,285,1223,-3972,-1443
-1876,1317,203,1196,-3967,-1366
-2015,1383,223,1243,-3960,-1295
-2365,1547,291,1602,-3945,-993
-2528,1590,204,1836,-3839,-902
-2644,1451,-65,2266,-3604,-822
-2726,1321,-70,2488,-3460,-781
-2805,1156,53,2556,-3331,-723
-2930,943,163,2525,-3167,-633
-3052,801,173,2414,-2966,-548
-3158,733,58,2306,-2706,-478
-3280,678,-137,2223,-2408,-444
-3142,500,-292,2190,-1502,-523
-3082,418,-298,2134,-1338,-497
-3000,397,-381,2070,-1181,-434
-2895,383,-489,2024,-1039,-360
-2844,330,-530,2014,-902,-295
-2738,206,-559,2025,-767,-242
-2699,93,-533,2020,-655,-211
-2583,-59,-483,1961,-538,-170
-2511,-296,-537,1712,-266,-73
-2480,-359,-568,1529,-74,-37
-2473,-406,-606,1336,104,0
-2531,-366,-647,1188,241,25
-2548,-373,-615,1087,356,41
-2442,-546,-708,979,349,81
-1569,-1348,-2365,-47,-640,266
-1933,-367,-2304,-328,-1128,278
-2388,194,-1547,-260,-1320,344
-2650,430,-888,89,-1262,393
-2877,512,-604,417,-1100,431
-2902,-179,-963,-506,-455,169
-3058,75,-1010,-810,-301,74
-3127,300,-1096,-933,-163,-8
-3108,425,-1172,-925,-58,-84
-3086,513,-1236,-823,33,-157
-2958,560,-1323,-672,96,-220
-2705,523,-1388,-382,164,-314
-2552,434,-1328,-266,189,-344
-2435,363,-1190,-250,198,-354
-2326,367,-1041,-312,215,-342
-2205,379,-959,-419,232,-307
-2108,371,-884,-549,248,-270
-2037,433,-843,-689,272,-216
-1980,566,-813,-817,297,-130
-1899,753,-893,-893,336,17
-1766,933,-1084,-898,347,211
-1635,1003,-1276,-827,322,446
-1514,1042,-1450,-745,261,705
-1262,1632,-2445,-575,-209,2797
-1246,1916,-2591,-442,-350,3240
-1294,1990,-2666,-270,-504,3602
-1366,2066,-2633,-131,-664,3921
-1417,2246,-2519,34,-845,4217
-1600,2303,-2256,336,-1322,4708
-1904,2315,-1861,431,-1630,5005
-2073,2333,-1581,440,-1888,5237
-2531,2170,-1295,381,-2070,5376
-2793,2045,-978,176,-2159,5430
-2989,2119,-822,-119,-2201,5413
-3328,2392,-713,-378,-2215,5313
-3592,2796,-657,-383,-2269,5130
-4260,3144,-364,-144,-2381,5025
-5538,3774,456,314,-2405,4942
-6737,3419,914,872,-2205,4657
-8251,2327,1256,1096,-1789,4139
-9581,1000,1994,677,-1069,3477
-10718,180,2908,-362,-48,2854
-10571,2767,8504,165,4629,127
-9146,2000,11189,670,6184,-261
-6024,1930,15263,793,9450,-334
-3459,2945,17152,1363,11499,20
4283,4489,17718,5573,14364,19
7472,3140,15644,6058,13807,-264
9366,1471,13064,5347,13308,-1014
12916,360,8966,4224,11783,-2065
13423,759,6263,3017,9958,-3510
13355,44,3615,1692,8046,-4836
12866,-932,1773,-114,6236,-5731
12001,-1082,709,-2184,4836,-5943
10655,247,-493,-3836,3984,-5570
9123,4050,-2121,-3104,3070,-4080
8337,4329,-2366,-1099,2551,-2623
7492,3303,-2442,334,2094,-1333
6558,2151,-2463,1088,1552,-216
4631,448,-2122,976,420,1233
2539,3222,-978,140,-1594,2425
2289,3586,-515,861,-1858,2229
1879,3299,96,1492,-2027,1868
1445,2446,759,1604,-2032,1427
1140,1837,1101,1074,-1947,954
959,1557,1195,228,-1880,439
680,1608,1197,-647,-1840,-105
436,2090,996,-1276,-1823,-663
252,2710,795,-1471,-1855,-1170
-52,3546,416,159,-2022,-2353
-96,3426,221,1086,-2121,-2612
-134,2918,176,1800,-2261,-2753
-236,2361,246,2255,-2422,-2841
-363,1839,258,2388,-2555,-2910
-417,1641,314,2300,-2689,-2947
-418,1574,267,2108,-2784,-2952
-662,1549,36,1784,-2866,-2926
-699,1462,-51,1666,-2994,-2906
-1476,1146,-61,756,-3421,-2679
-1659,1154,-181,580,-3359,-2598
-1862,1250,-370,511,-3280,-2506
-1935,1344,-518,532,-3199,-2384
-1918,1433,-592,647,-3153,-2247
-1978,1538,-622,841,-3128,-2093
-1977,1639,-537,1125,-3131,-1938
-2111,1729,-474,1464,-3147,-1774
-2333,1670,-562,1823,-3136,-1618
-2441,1538,-582,2173,-3087,-1487
-2592,1289,-609,2411,-2973,-1342
-2689,1084,-763,2518,-2798,-1191
-2688,1003,-837,2589,-2630,-1043
-2692,930,-717,2586,-2321,-828
-2849,778,-560,2654,-1940,-621
-2787,541,-564,2624,-1821,-581
-2695,313,-580,2490,-1718,-526
-2684,112,-535,2266,-1601,-478
-2744,11,-482,1997,-1430,-383
-2904,141,-435,1642,-553,74
-2721,277,-658,1769,-318,144
-2527,372,-897,1951,-162,178
-2490,226,-939,2125,-58,180
-2577,18,-775,2217,49,161
-2579,-277,-520,2162,144,167
-2537,-692,-549,1908,193,193
-1656,-1558,-1538,919,-121,335
-1652,-1101,-2306,155,-584,359
-2027,-322,-2094,-40,-882,435
-2378,182,-1446,124,-961,541
-2851,391,-606,719,-786,693
-3026,110,-560,775,-667,727
-3048,-174,-586,571,-601,681
-3049,-279,-575,223,-549,581
-3069,-200,-675,-159,-488,460
-3032,-36,-827,-449,-416,335
-3038,162,-947,-604,-351,195
-2579,345,-1268,-134,75,-205
-2512,274,-1162,-111,139,-186
-2451,201,-1066,-166,193,-152
-2379,201,-981,-271,243,-117
-2356,245,-918,-426,311,-75
-2313,303,-893,-592,382,-25
-2244,400,-947,-749,447,48
-2156,518,-1077,-865,516,134
-2010,668,-1292,-931,581,258
-1858,846,-1563,-920,623,425
-1630,966,-1886,-778,648,820
-1459,1164,-2264,-621,635,1210
-1355,1144,-2549,-478,552,1676
-1407,922,-2652,-527,456,2121
-1377,848,-2622,-802,352,2580
-1266,927,-2714,-1233,232,3074
-1246,1235,-2835,-1643,50,3542
-1207,1485,-2835,-1935,-194,3958
-1240,1868,-2704,-2136,-483,4351
-2029,3274,-1913,-784,-1845,5408
-2392,3264,-1531,-216,-2105,5548
-3296,2833,-895,354,-2195,5580
-3699,2892,-609,539,-2172,5478
-4502,2900,-203,655,-2203,5471
-8562,2298,1303,1228,-1269,4992
-10332,1355,1342,1288,-416,4289
-12055,1330,2638,930,1355,2717
-12323,443,4787,326,2714,1520
-11864,764,6458,-433,3949,722
-10532,1476,8507,-832,5264,204
-8932,2871,10464,-399,6673,-72
-7192,4032,12400,918,8109,-118
-5425,3734,14331,2322,9630,-85
-3373,3067,15669,3102,11058,23
1817,3554,15831,4084,12487,48
5695,3035,15093,4699,12078,-24
6571,1262,13238,4392,11754,-286
11578,-566,3642,720,7269,-5113
11615,-738,2201,-1115,6032,-5774
10732,293,886,-2683,5072,-5884
9752,1728,-786,-3433,4411,-5563
9290,3296,-1943,-3067,3779,-4917
8423,3637,-2943,-1053,2426,-3274
7511,2762,-3140,25,1307,-2121
6256,1587,-2755,296,302,-1068
4946,612,-2319,-168,-365,-202
4296,996,-1795,-816,-886,569
2978,3722,-879,78,-2055,1782
2489,3856,-352,1079,-2305,1872
2136,3590,206,1716,-2383,1774
1779,3049,840,1880,-2375,1548
1521,2715,1245,1606,-2270,1270
1167,2469,1475,1041,-2132,949
883,2492,1513,408,-1966,585
673,2789,1301,-62,-1842,225
437,3225,1055,-175,-1750,-134
184,3655,328,1927,-1863,-1588
52,3252,452,2823,-2048,-1923
-77,2908,474,3145,-2201,-2016
-338,2321,312,3335,-2438,-2109
-464,2104,257,3397,-2654,-2197
-520,1865,240,3396,-2859,-2257
-626,1662,142,3304,-3073,-2300
-809,1486,137,3166,-3278,-2299
-1003,1306,59,2989,-3429,-2237
-1171,1052,11,2779,-3548,-2114
-1479,708,45,2303,-3745,-1851
-1694,581,35,1954,-3862,-1681
-1868,551,-23,1697,-3915,-1564
-2005,602,-82,1486,-3931,-1474
-2473,651,-397,1177,-3694,-1217
-2557,705,-387,1187,-3607,-1126
-2627,816,-369,1251,-3531,-1027
-2594,893,-413,1385,-3448,-917
-2855,362,-541,2108,-3028,-602
-2928,117,-377,1995,-2881,-521
-2992,-147,-230,1773,-2725,-408
-3061,-242,-219,1513,-2498,-312
-3053,-278,-366,1260,-2239,-198
-3103,-255,-588,1088,-1957,-114
-3170,-114,-671,1033,-1692,-72
-3194,24,-654,1076,-1440,-34
-3228,77,-555,1169,-1196,34
-3201,24,-460,1264,-946,103
-3107,-191,-446,1269,-394,244
-3125,-333,-602,1140,52,315
-3053,-266,-849,1013,421,360
-2719,-207,-1056,933,692,410
-1882,-127,-1751,924,655,506
-621,-604,-2969,828,126,651
-1439,52,-3796,628,-608,532
-2496,752,-1807,912,-1174,658
-3126,-194,-464,1558,-498,814
-2909,-387,-744,156,-342,476
-2848,-182,-991,-224,-342,333
-2858,6,-1085,-354,-327,233
-2862,183,-1100,-340,-275,166
-2818,243,-1138,-240,-222,138
-2862,172,-1185,-141,-149,126
-2849,61,-1233,-112,-79,119
-2781,16,-1211,-153,-21,105
-2705,29,-1209,-240,37,90
-2596,91,-1203,-397,161,49
-2501,94,-1118,-521,239,32
-2416,116,-1092,-664,327,38
-2288,186,-1077,-821,416,68
-2141,235,-1138,-978,518,142
-1990,330,-1241,-1101,634,249
-1693,477,-1489,-1198,783,583
-1522,660,-1763,-1182,832,889
-1390,840,-2005,-1070,803,1214
-1236,1127,-2559,-626,362,2494
-1261,1193,-2613,-690,259,2822
-1269,1372,-2619,-774,151,3162
-1254,1624,-2637,-815,9,3489
-1194,1881,-2700,-794,-189,3783
-1616,2490,-2306,-489,-893,4587
-1626,2543,-2167,-393,-1204,4845
-1924,2597,-1886,-332,-1510,5020
-2082,2582,-1497,-312,-1791,5123
-2349,2671,-1192,-249,-2007,5146
-2739,2871,-978,-142,-2182,5066
-3952,2610,-612,25,-2335,4715
-5168,2678,-200,101,-2437,4568
-8093,1788,954,139,-2140,4182
-10127,334,1320,-73,-1361,3570
-11247,645,1872,-468,-314,2904
-12130,1404,2282,-654,766,2157
-12501,1505,3394,-735,1865,1403
-7631,2834,12829,-712,6348,301
-5521,3217,15162,390,8040,454
-2068,3849,17851,2595,11369,1001
496,4062,19210,4247,13128,1113
3580,3591,18756,5358,13810,765
6605,2616,17434,5801,13626,395
9350,1664,15580,5343,13074,302
9609,1063,12169,4759,12496,-417
12104,1014,8892,4593,11079,-1803
13939,-65,7125,3958,9390,-3535
12752,-2015,4812,2237,7902,-5141
10743,987,-570,-4394,5064,-6125
9259,3876,-2845,-2974,3727,-4648
8409,3541,-3005,-1404,2730,-3275
7366,2603,-3157,-603,1983,-2133
6548,1810,-3019,-282,1274,-1167
5404,1253,-2533,-387,615,-316
4484,1362,-2154,-659,36,415
3726,1947,-1872,-745,-496,976
2299,3192,-329,824,-1602,1595
1949,2906,104,1011,-1652,1451
1693,2563,358,899,-1622,1272
1113,2184,712,137,-1464,815
839,2395,646,-335,-1317,436
700,2705,555,-479,-1216,91
664,3065,410,-341,-1160,-250
708,3271,311,47,-1139,-540
808,3348,307,1043,-1193,-1029
757,2953,182,1595,-1317,-1288
556,2490,138,1767,-1438,-1464
430,2135,91,1672,-1535,-1627
382,2036,96,1442,-1636,-1783
366,2080,107,1218,-1726,-1926
315,2199,-5,1114,-1846,-2066
1,2459,-82,1531,-2287,-2352
-193,2313,-87,1763,-2479,-2412
-392,2154,-90,1898,-2624,-2444
-723,1781,67,1981,-3132,-2332
-838,1698,132,2017,-3270,-2280
-1012,1606,178,2022,-3359,-2182
-1182,1463,159,1976,-3398,-2052
-1421,1315,145,1847,-3463,-1814
1,1,-1,1,1,-1
-1726,1124,-27,1646,-3488,-1559
-1982,1050,-47,1497,-3412,-1364
-2189,963,-136,1422,-3298,-1228
-2429,942,-253,1372,-3155,-1122
-2600,961,-392,1383,-2987,-1040
-2616,1030,-504,1466,-2848,-979
-2662,1078,-520,1615,-2705,-919
-2693,1098,-582,1809,-2592,-867
-2829,823,-586,2112,-2397,-800
-2930,558,-615,2130,-2253,-750
-2964,390,-648,2036,-2089,-712
-2944,242,-718,1896,-1905,-672
-2905,207,-790,1778,-1727,-627
-2681,180,-627,1581,-1116,-355
-2494,19,-613,1231,-692,-96
-2453,40,-589,1117,-559,-4
-2434,61,-644,1019,-438,80
-2191,-92,-861,849,-288,186
-1798,-294,-1210,648,-378,263
-1320,-419,-1682,368,-679,339
-1671,80,-1941,216,-1022,335
-2091,604,-1539,344,-1200,369
-2384,756,-1079,698,-1249,414
-2504,755,-705,1088,-1162,408
-2538,609,-547,1351,-1053,386
-2516,299,-528,1361,-959,339
-2599,-81,-498,894,-854,201
-2707,-111,-478,493,-797,111
-2833,-32,-537,216,-725,55
-2842,12,-631,27,-646,22
-2829,65,-764,-106,-575,14
-3113,195,-852,-274,-363,145
-3120,203,-875,-352,-291,185
-3087,233,-946,-449,-196,206
-3024,289,-1026,-546,-93,211
-2912,481,-1147,-678,83,186
-2862,609,-1132,-728,193,182
-2653,827,-1177,-866,575,297
-2457,927,-1359,-951,748,445
-2249,970,-1538,-1009,881,649
-1981,1093,-1776,-1061,965,909
-1800,1266,-1971,-1072,1028,1243
-1598,1591,-2103,-1005,1043,1648
-1460,1968,-2272,-861,988,2122
-1406,2160,-2521,-692,851,2596
-1115,2378,-2592,-461,541,3416
-849,2560,-2616,-311,205,3934
-764,2683,-2641,-157,-143,4315
-738,2949,-2748,64,-539,4661
-934,3168,-2617,387,-961,4988
-1980,2999,-1423,950,-2280,5660
-2721,3392,-909,1259,-2727,5499
-3908,2798,-208,1265,-2776,5236
-5232,2546,243,950,-2821,5203
-7471,2279,851,527,-2637,5052
-9277,1661,1070,212,-2271,4597
-11439,1327,868,103,-1758,3709
-14030,515,1249,-34,-906,2443
-16087,-1264,5720,-1278,1662,119
-15085,-535,7810,-2398,3861,-955
-7035,3773,13510,-212,8625,-411
-4997,2794,16375,1819,10399,462
-3151,2029,18135,2650,12086,1115
-535,2213,18193,3160,13278,1491
3005,3704,17261,4096,13624,1484
6520,3694,15453,5074,12946,1389
7625,2739,13575,5004,12470,986
13520,3218,7729,4371,9586,-1236
8240,3519,-3060,-3987,2763,-5410
7464,4047,-3704,-2038,2177,-3992
6487,2989,-3477,-411,1481,-2670
5420,1702,-2693,416,855,-1476
4547,681,-2293,479,308,-442
3732,483,-1955,91,-151,313
3221,1088,-1391,-296,-547,825
2658,2044,-950,-395,-889,1142
2217,2686,-576,-141,-1171,1262
1875,2886,-99,232,-1357,1243
1329,2692,497,578,-1418,1021
962,2670,527,470,-1327,840
751,2619,453,308,-1197,655
578,2656,384,197,-1111,416
434,2806,384,175,-1051,130
132,2945,494,571,-1287,-821
54,3004,386,785,-1432,-1066
-49,2942,276,994,-1568,-1216
-409,2298,-25,1280,-1982,-1781
-448,2379,12,1347,-2256,-2133
-446,2419,120,1519,-2492,-2355
-475,2346,66,1704,-2685,-2468
-625,2204,94,1879,-2888,-2549
-697,1970,173,1959,-3072,-2576
-830,1739,197,1957,-3221,-2580
-1039,1530,254,1894,-3385,-2557
-1483,1265,321,1658,-3536,-2424
-1717,1097,277,1427,-3514,-2278
-1811,1049,230,1244,-3448,-2165
-1942,1012,85,1085,-3353,-2062
-2107,1055,-91,1022,-3238,-1971
-2157,1145,-184,1051,-3145,-1884
-2335,1349,-223,1335,-3013,-1698
-2340,1469,-327,1677,-2910,-1525
-2428,1461,-393,2037,-2821,-1393
-2526,1271,-378,2333,-2714,-1287
-2545,1056,-439,2529,-2560,-1189
-2736,454,-420,2469,-1860,-969
-2518,587,-871,2414,-1347,-805
-2588,512,-834,2567,-1263,-752
-2647,448,-749,2771,-1218,-659
-2657,220,-583,2946,-1182,-506
-2678,-144,-433,3008,-1120,-315
-2736,-604,-359,2899,-1002,-91
-2785,-922,-359,2629,-841,104
-2843,-1165,-301,1908,-464,421
-2851,-976,-355,1440,-223,584
-2528,-710,-912,949,-137,779
-1808,-720,-1718,684,-467,879
-1968,-283,-2333,459,-938,856
-2388,324,-2065,438,-1275,844
-2684,585,-1393,569,-1399,875
-2948,624,-807,825,-1325,906
-3119,562,-520,1008,-1173,907
-3199,244,-524,1008,-1023,882
-3071,-129,-953,-217,-570,522
-3071,165,-1141,-396,-428,351
-3022,295,-1136,-320,-337,269
-2964,327,-1120,-200,-257,217
-2866,296,-1116,-100,-181,178
-2749,239,-1065,-57,-109,148
-2619,136,-1011,-87,-46,128
-2396,129,-782,-537,117,70
-2336,288,-719,-696,174,80
-2219,559,-821,-780,293,164
-2101,711,-962,-708,358,253
-1993,781,-1116,-632,396,368
-1912,839,-1257,-553,429,525
-1758,797,-1373,-520,461,735
-1603,868,-1580,-560,479,1001
-1552,954,-1750,-624,502,1328
-1580,1297,-1948,-818,466,2051
-1557,1618,-2152,-887,435,2590
-1511,1826,-2342,-899,417,3014
-1218,3160,-2382,-145,-304,4662
-1268,3185,-2153,166,-587,4976
-1289,3147,-2125,410,-871,5239
-1318,3296,-2187,627,-1189,5459
-1512,3255,-1954,983,-1872,5732
-1915,3286,-1619,1147,-2356,5780
-2733,3719,-1241,1300,-3113,5634
-4002,3697,-764,1574,-3544,5367
-6101,3494,-158,1585,-3759,5264
-8897,3043,392,1241,-3523,4819
-11849,1792,290,602,-2928,4019
-16181,-533,4593,-2102,377,534
-15048,-12,7206,-2976,1634,-443
-13928,365,9675,-3358,3077,-1064
-10449,2367,12062,-2604,4719,-1108
-6995,4385,15650,-565,6382,-926
-4846,3577,19308,1828,8609,-499
-1234,1783,24171,2892,13674,429
10923,1130,16249,6151,15576,925
15073,127,10900,5906,13454,-21
17117,279,8100,5510,10842,-1882
16364,-1572,5397,4086,8191,-3637
13705,-3594,2127,-1668,4882,-5881
11929,-1294,895,-5462,4050,-6239
10643,2266,-855,-6981,3776,-5861
9321,5348,-2123,-5762,3597,-5217
8333,6505,-3198,-3065,3257,-4155
7248,5191,-3570,-594,2734,-2907
6196,3318,-3166,1003,2134,-1673
4419,-28,-2547,846,1192,354
3713,126,-2068,-421,702,1485
3522,1731,-1979,-923,286,2203
3257,3340,-1878,-530,-171,2540
3020,4147,-1424,481,-559,2536
2071,2862,31,2220,-1076,1695
1841,2184,396,1949,-1061,1313
1591,1770,382,1366,-1020,965
1112,2634,-200,-26,-1080,-267
1133,3030,-352,664,-1264,-533
1030,2882,-283,1237,-1364,-659
956,2683,-305,1716,-1472,-791
842,2450,-327,1990,-1588,-912
753,2183,-335,2095,-1717,-1015
655,1935,-356,2039,-1821,-1091
539,1879,-365,1920,-1954,-1156
405,1837,-342,1809,-2099,-1202
260,1808,-323,1725,-2255,-1226
157,1756,-244,1672,-2459,-1255
-15,1648,-162,1619,-2669,-1297
-154,1575,-95,1524,-2894,-1363
-275,1524,-69,1391,-3102,-1415
-413,1521,-97,1250,-3245,-1432
-548,1519,-137,1111,-3334,-1420
-645,1463,-205,965,-3395,-1387
-947,1236,-345,550,-3562,-1261
-1380,1303,-110,557,-3937,-878
-1778,1253,-162,438,-3917,-725
-2016,1206,-296,343,-3831,-655
-2270,1289,-426,272,-3593,-634
-2499,1356,-492,326,-3388,-638
-2596,1435,-521,466,-3188,-622
-2669,1536,-508,605,-3054,-611
-2722,1454,-557,839,-2835,-636
-2922,1227,-699,948,-2580,-708
-2920,970,-727,962,-2290,-803
-2841,802,-663,907,-2088,-858
-2669,794,-732,793,-1748,-902
-2643,838,-814,796,-1550,-925
-2719,789,-857,839,-1259,-979
-2809,705,-798,848,-1067,-997
-2899,545,-673,823,-767,-985
-2992,407,-664,786,-553,-939
-2830,397,-1000,754,-161,-862
-2770,37,-967,736,385,-520
-2639,-1,-1026,628,475,-254
-2214,-196,-1308,508,400,-46
-1472,-600,-2065,117,-22,231
-1451,-244,-2395,-266,-530,314
-2017,764,-1542,-230,-848,489
-2419,840,-797,658,-693,641
-2450,387,-741,617,-525,577
-2432,209,-753,337,-413,537
-2469,156,-853,-206,-292,542
-2355,275,-1017,-550,-202,595
-2190,607,-1317,-809,-37,764
-2073,898,-1588,-776,72,965
-1911,1143,-1945,-566,200,1414
-1777,1355,-2056,-264,275,2092
-1822,1390,-2072,-177,288,2545
-1769,1480,-2241,-189,283,3264
-1796,1579,-2407,-277,275,3734
-2380,2713,-2542,-212,-22,5216
-2564,2852,-2512,-157,-168,5388
-2795,3442,-2468,91,-331,5375
-3335,3624,-2616,412,-471,5119
-6102,2154,-1896,328,-709,4841
-9329,2575,-753,-592,-238,4878
-12893,2809,-697,-602,538,3809
-14512,2399,-204,-60,1229,2379
-14777,356,3450,-821,2543,431
-12935,-121,6168,-1990,3420,-175
-8280,2343,11282,-1760,4681,-203
-609,2492,19414,5373,8995,529
5452,62,18466,4126,11162,195
7269,251,14411,3321,11618,-189
10191,826,8251,3336,10731,-1692
10696,122,5421,2966,9273,-3160
10359,-1410,2015,140,6749,-4515
9471,-988,450,-2342,5405,-4671
6506,3440,-1474,-742,2359,-1837
5700,2547,-1103,-392,2031,-1084
4544,2721,-1149,-542,1647,-78
4006,3232,-1346,-300,1307,431
3427,3011,-1419,465,662,959
3130,2404,-1123,563,229,1160
2621,2144,-874,137,-260,1167
2388,2456,-805,20,-554,978
1948,2678,-677,47,-953,677
1770,2826,-441,146,-1159,518
1357,2846,-237,454,-1302,274
1149,2671,-74,963,-1333,-66
974,2286,55,1087,-1353,-268
729,2005,110,915,-1396,-569
590,1951,93,754,-1481,-790
456,2112,27,692,-1610,-1045
83,2121,-149,1180,-2109,-1426
17,1920,-238,1709,-2524,-1500
-425,1132,-243,1522,-3386,-1071
-507,1104,-210,1271,-3562,-986
-642,1213,-257,945,-3697,-820
-719,1300,-397,813,-3764,-692
-873,1330,-545,784,-3892,-547
-987,1336,-521,774,-3970,-491
-1052,1398,-329,700,-4039,-406
-1150,1376,-264,618,-4044,-303
-1429,1364,-354,463,-4007,-154
-1691,1483,-508,434,-3799,-78
-1721,1477,-532,496,-3667,-76
-1787,1421,-454,616,-3560,-27
-1926,1444,-354,647,-3521,100
-2005,1845,-310,769,-3449,449
-2060,2077,-365,1057,-3371,671
-2091,2052,-459,1613,-3195,848
-2169,1989,-521,1940,-3038,909
-2236,1852,-633,2248,-2781,1044
-2283,1518,-766,2330,-1878,1340
-2288,1553,-873,2227,-1440,1378
-2192,1563,-953,2192,-1155,1368
-2002,1548,-1107,2047,-572,1360
-1920,1618,-1094,1948,-330,1380
-1856,1680,-1102,1989,-177,1379
-1731,1647,-1194,2109,46,1379
-1505,1567,-1432,2069,246,1340
-1392,1519,-1459,1991,329,1246
-1319,1337,-1396,1788,453,1080
-1290,1405,-1430,1623,574,959
-1252,1396,-1514,1456,706,863
-1230,1379,-1613,1322,803,794
-1210,1293,-1588,1104,897,649
-1246,1326,-1540,933,975,555
-1111,1454,-1645,681,1077,534
-1043,1486,-1734,545,1101,549
-1009,1491,-1759,458,1101,496
-950,1494,-1808,547,1002,407
-923,1347,-1820,488,947,355
-907,1301,-1851,413,918,287
-868,1300,-1883,297,880,196
-850,1369,-1914,277,861,175
-807,1355,-1959,331,824,198
-742,1214,-1991,386,774,207
-677,1158,-1990,398,725,187
-666,1263,-2017,443,600,118
-678,1200,-2044,491,549,125
-708,1113,-2054,463,520,132
-687,1049,-2012,379,508,130
-682,1074,-2011,325,518,126
-639,1210,-2055,358,531,135
-581,1223,-2074,433,532,152
-483,1176,-2074,516,525,165
-403,1178,-2065,556,507,152
-341,1134,-2052,550,482,127
-346,953,-2114,225,437,80
-330,976,-2112,167,417,69
-345,1050,-2157,165,373,56
-326,1097,-2166,219,342,62
-390,1049,-2187,335,295,68
-438,987,-2178,370,283,78
-430,914,-2163,294,316,115
-422,942,-2183,180,345,124
-443,1016,-2218,139,362,109
-469,1105,-2224,172,374,77
-452,1079,-2200,219,378,45
-409,987,-2159,230,386,7
-454,945,-2147,200,380,-18
-403,1046,-2202,163,363,-52
-354,1025,-2196,216,325,-78
-332,930,-2182,187,300,-126
-302,905,-2166,139,282,-134
-292,953,-2144,56,272,-146
-321,750,-2084,-106,262,-197
-306,939,-2115,-236,288,-163
-297,1027,-2155,-226,297,-155
-303,1125,-2156,-121,310,-177
-322,1064,-2152,-36,324,-202
-365,952,-2147,-36,364,-255
-373,929,-2134,-154,437,-290
-355,927,-2107,-227,470,-327
-343,1014,-2122,-289,508,-369
-352,1042,-2141,-266,523,-397
-364,1032,-2155,-196,540,-415
-319,1044,-2177,-154,559,-400
-238,1067,-2225,-66,551,-375
-221,1010,-2207,-13,533,-377
-226,898,-2210,21,493,-392
-252,847,-2210,-9,462,-385
-270,860,-2223,-44,430,-342
-249,878,-2250,-49,406,-325
-271,806,-2192,11,249,-302
-253,904,-2195,-145,197,-201
-213,1011,-2227,-99,151,-150
-214,1031,-2231,-44,113,-148
-222,1009,-2214,21,59,-151
-257,881,-2200,20,26,-152
-277,909,-2181,-51,23,-133
-191,987,-2174,-151,24,-72
-191,1179,-2203,-129,23,-26
-121,1159,-2136,-243,-82,-23
-161,1033,-2100,-311,-103,-26
-204,940,-2086,-526,-80,-77
-217,1044,-2097,-681,-54,-100
-151,1308,-2105,-769,-28,-113
-103,1451,-2128,-668,-15,-125
-60,1464,-2099,-403,-1,-123
28,1414,-2056,-249,-10,-95
92,1261,-2025,-158,-53,20
103,1176,-1989,-522,-167,279
116,1101,-1921,-619,-270,243
88,1083,-1922,-701,-339,182
