1	565	289	-2056	188	80	145
2	623	474	-2164	151	59	164
3	611	463	-2163	139	54	167
4	613	494	-2152	116	50	163
5	599	489	-2149	100	49	168
6	609	517	-2136	79	54	170
7	608	533	-2148	69	54	159
8	614	581	-2125	125	22	128
9	629	567	-2119	130	6	105
10	630	544	-2109	110	-16	75
11	628	524	-2088	69	-36	46
12	636	515	-2081	17	-51	3
13	634	528	-2056	-50	-74	-42
14	628	503	-2035	-114	-94	-82
15	623	488	-2002	-210	-113	-126
16	650	422	-1972	-365	-127	-162
17	675	387	-1946	-571	-141	-189
18	707	430	-1903	-787	-151	-200
19	755	519	-1884	-978	-169	-206
20	976	850	-1867	-1184	-349	-226
21	983	863	-1856	-1170	-414	-247
22	961	860	-1810	-1199	-503	-310
23	952	886	-1796	-1246	-535	-351
24	946	907	-1784	-1296	-556	-396
25	936	914	-1773	-1351	-553	-439
26	923	930	-1754	-1401	-553	-487
27	917	971	-1748	-1446	-558	-521
28	903	1004	-1750	-1465	-558	-556
29	892	1039	-1740	-1467	-553	-593
30	864	1073	-1719	-1444	-554	-623
31	859	1131	-1732	-1413	-561	-647
32	830	1185	-1713	-1293	-586	-672
33	839	1239	-1689	-1252	-602	-668
34	811	1252	-1647	-1219	-619	-649
35	789	1254	-1594	-1207	-636	-629
36	758	1285	-1565	-1223	-650	-599
37	704	1315	-1521	-1285	-656	-524
38	670	1332	-1487	-1328	-662	-469
39	633	1373	-1452	-1368	-672	-431
40	492	1510	-1370	-1382	-792	-302
41	426	1517	-1326	-1371	-849	-287
42	390	1546	-1311	-1370	-904	-270
43	337	1574	-1291	-1358	-959	-243
44	289	1596	-1282	-1349	-1010	-216
45	239	1582	-1263	-1317	-1053	-186
46	193	1575	-1236	-1294	-1108	-167
47	168	1594	-1209	-1261	-1165	-164
48	134	1624	-1212	-1198	-1227	-159
49	97	1665	-1206	-1126	-1299	-165
50	52	1688	-1214	-982	-1423	-183
51	24	1707	-1213	-878	-1506	-212
52	0	1748	-1206	-793	-1576	-238
53	-26	1782	-1199	-636	-1680	-276
54	-36	1806	-1190	-552	-1741	-299
55	20	1903	-1171	-338	-1891	-353
56	40	1951	-1196	-277	-1947	-372
57	38	1977	-1219	-233	-1992	-383
58	19	1977	-1228	-208	-2027	-390
59	-59	1992	-1261	-223	-2049	-395
60	-342	2208	-1546	-543	-1986	-226
61	-441	2274	-1647	-668	-1938	-177
62	-558	2292	-1750	-771	-1900	-157
63	-690	2277	-1803	-849	-1860	-165
64	-828	2225	-1841	-915	-1806	-182
65	-965	2202	-1877	-977	-1734	-217
66	-1094	2196	-1908	-1035	-1647	-224
67	-1201	2206	-1937	-1077	-1537	-206
68	-1306	2247	-1954	-1108	-1418	-166
69	-1383	2318	-1952	-1116	-1282	-94
70	-1414	2355	-1944	-1092	-1129	-9
71	-1424	2364	-1961	-1037	-982	63
72	-1425	2318	-1925	-963	-832	107
73	-1420	2212	-1910	-887	-686	113
74	-1414	2078	-1860	-823	-546	76
75	-1420	1985	-1802	-768	-414	31
76	-1407	1870	-1736	-713	-292	-15
77	-1406	1742	-1697	-650	-182	-53
78	-1387	1638	-1683	-586	-84	-77
79	-1357	1374	-1560	-306	101	-169
80	-1144	1075	-1388	102	168	-477
81	-1081	989	-1350	209	165	-606
82	-1047	936	-1310	309	159	-739
83	-1004	906	-1285	408	154	-870
84	-986	887	-1249	524	126	-1014
85	-951	889	-1199	731	65	-1276
86	-933	1004	-1171	854	14	-1436
87	-928	1152	-1138	944	-55	-1546
88	-876	1292	-1114	1026	-120	-1615
89	-895	1406	-1035	1052	-177	-1651
90	-891	1478	-997	970	-225	-1628
91	-911	1558	-978	767	-254	-1542
92	-929	1693	-1004	481	-261	-1413
93	-878	1704	-1060	177	-260	-1251
94	-891	1697	-1127	-116	-251	-1134
95	-893	1682	-1234	-373	-243	-1079
96	-908	1683	-1329	-570	-240	-1089
97	-945	1739	-1392	-717	-255	-1139
98	-951	1779	-1416	-832	-267	-1186
99	-974	1827	-1459	-904	-271	-1229
100	-1141	1665	-1476	-905	-254	-1477
101	-1092	1624	-1459	-836	-155	-1716
102	-1045	1618	-1431	-735	-135	-1799
103	-1038	1612	-1403	-598	-138	-1890
104	-1030	1555	-1350	-444	-144	-1961
105	-1038	1506	-1327	-291	-160	-2011
106	-1058	1262	-1220	-79	-192	-2043
107	-1127	1167	-1120	-29	-219	-2024
108	-1172	1147	-1042	-23	-244	-1975
109	-1221	1114	-1006	-43	-262	-1895
110	-1351	1114	-944	-84	-296	-1784
111	-1490	1127	-890	-144	-330	-1654
112	-1608	1189	-829	-212	-370	-1503
113	-1715	1238	-781	-271	-411	-1336
114	-1783	1274	-797	-333	-443	-1176
115	-1957	1098	-802	-451	-471	-976
116	-2163	1000	-756	-566	-493	-909
117	-2715	1056	-569	-783	-609	-720
118	-2999	1170	-579	-929	-663	-517
119	-3151	1202	-646	-999	-698	-348
120	-3571	800	-1404	-371	-166	-742
121	-3546	739	-1472	-197	32	-888
122	-3492	637	-1525	-53	175	-1025
123	-3369	604	-1448	97	302	-1179
124	-3188	561	-1353	239	422	-1325
125	-2723	273	-971	410	628	-1646
126	-2575	150	-783	354	678	-1768
127	-2414	122	-712	283	720	-1849
128	-2237	161	-673	238	738	-1905
129	-2070	178	-598	219	756	-1938
130	-1927	100	-561	205	767	-1948
131	-1820	50	-511	170	769	-1935
132	-1721	81	-430	146	765	-1911
133	-1546	117	-438	155	722	-1799
134	-1443	97	-437	168	684	-1716
135	-1397	46	-482	170	642	-1627
136	-1352	64	-518	161	586	-1538
137	-1330	115	-551	171	516	-1414
138	-1282	139	-568	191	432	-1268
139	-1304	164	-604	199	322	-1070
140	-1732	70	-1188	-234	-248	-239
141	-1908	353	-1248	-405	-391	-46
142	-2051	691	-1292	-473	-482	108
143	-2162	989	-1343	-439	-526	228
144	-2304	1158	-1363	-359	-542	308
145	-2471	1246	-1375	-279	-521	343
146	-2529	1328	-1413	-202	-462	337
147	-2555	1388	-1459	-114	-355	301
148	-2447	1341	-1601	256	-46	174
149	-2355	1190	-1592	412	33	173
150	-2221	887	-1517	564	62	233
151	-2164	786	-1424	635	45	292
152	-2069	777	-1330	717	36	343
153	-2004	786	-1216	835	24	385
154	-1958	763	-1098	952	25	424
155	-1944	671	-950	1053	24	448
156	-2004	576	-811	1110	29	445
157	-2027	438	-704	1090	36	434
158	-2071	268	-628	994	32	417
159	-2100	103	-600	839	38	381
160	-2379	-113	-723	431	167	236
161	-2569	-227	-739	418	213	209
162	-2782	-377	-752	393	265	174
163	-2929	-525	-811	360	330	132
164	-3060	-660	-894	309	405	79
165	-3214	-719	-965	256	496	23
166	-3392	-717	-1010	235	615	-30
167	-3582	-779	-1006	244	736	-74
168	-3865	-853	-967	267	958	-110
169	-4028	-1048	-936	310	1115	-110
170	-4158	-1306	-874	326	1289	-113
171	-4699	-2526	-333	-3	1809	-126
172	-5239	-3189	52	-356	2101	-137
173	-6123	-3519	280	-715	2389	-177
174	-6930	-3752	593	-924	2728	-156
175	-7611	-3893	774	-935	3090	5
176	-8252	-4058	807	-568	3499	398
177	-8837	-3744	777	178	3895	1132
178	-8884	-2074	252	1700	4294	2488
179	-7609	-728	-217	4148	4543	4491
180	-923	-1743	1948	14200	8654	12609
181	8527	-4319	-1849	12071	10827	14196
182	19859	-5926	-1258	7351	11060	15089
183	28442	-7407	-963	2348	9344	13928
184	5835	3713	-2437	-2618	477	5688
185	1816	-1519	-291	81	-1689	-3212
186	-183	-2466	1205	-2119	-921	-6223
187	2549	511	-3428	-4711	-1215	-6228
188	3681	596	-4148	-4474	-1267	-4962
189	-133	723	-2985	-2755	-427	-2391
190	-730	934	-3297	-542	279	88
191	-330	601	-2693	1433	467	1977
192	-387	-781	-1453	2388	759	2815
193	-249	-2178	-1185	2139	1083	2688
194	435	-2384	-1833	1072	1249	1837
195	1403	-459	-2844	-1319	22	-1491
196	1486	-32	-3085	-1424	-431	-2065
197	1503	-194	-3011	-1427	-843	-2393
198	1381	-515	-2707	-1588	-1179	-2602
199	1466	-840	-1968	-3740	-1748	-3314
200	1542	-510	-1923	-4341	-1828	-3514
201	1182	76	-2063	-5184	-1803	-3710
202	1029	337	-2026	-5573	-1769	-3910
203	917	621	-1847	-5806	-1720	-4083
204	805	927	-1598	-5993	-1662	-4213
205	649	1223	-1381	-6160	-1607	-4288
206	473	1546	-1202	-6282	-1570	-4278
207	130	1860	-1088	-6282	-1570	-4188
208	-206	1785	-1020	-6249	-1556	-4044
209	-716	1798	-942	-6180	-1516	-3919
210	-1095	1845	-923	-6022	-1442	-3873
211	-1366	1937	-924	-5739	-1394	-3834
212	-1469	1978	-853	-5367	-1338	-3805
213	-1628	2071	-708	-4922	-1289	-3741
214	-2219	1966	-439	-4075	-1139	-3504
215	-2499	1769	-348	-3566	-1030	-3267
216	-2786	1664	-505	-3071	-855	-3019
217	-2838	1793	-814	-2471	-724	-2803
218	-2949	1482	-829	-151	-616	-2337
219	-3264	155	-920	1876	-649	-2030
220	-3419	-293	-883	1956	-659	-1910
221	-3410	-590	-749	1875	-651	-1729
222	-3532	-679	-718	1752	-572	-1515
223	-3457	-668	-829	1676	-460	-1272
224	-3305	-568	-1020	1694	-355	-1037
225	-3097	-536	-1183	1800	-267	-767
226	-2902	-338	-1085	2068	-120	-333
227	-2885	-246	-859	2201	-5	-77
228	-2837	-233	-690	2246	86	108
229	-2773	-300	-575	2173	172	249
230	-2525	-520	-694	1708	179	396
231	-2299	-599	-902	1190	39	429
232	-2202	-481	-1118	734	-193	449
233	-2245	-216	-1326	418	-466	436
234	-2490	108	-1221	335	-658	414
235	-2607	383	-960	486	-712	415
236	-2712	519	-773	777	-695	423
237	-2770	403	-683	1016	-634	416
238	-2865	-61	-525	1001	-487	338
239	-2689	-88	-766	115	-229	55
240	-2655	60	-860	62	-174	-8
241	-2596	-6	-940	162	-44	-94
242	-2571	-50	-895	142	8	-118
243	-2558	-106	-846	103	66	-126
244	-2614	-171	-772	29	118	-131
245	-2640	-193	-708	-83	188	-141
246	-2585	-225	-756	-191	267	-151
247	-2519	-300	-891	-365	399	-211
248	-2536	-363	-847	-442	501	-240
249	-2642	-597	-747	-525	604	-246
250	-2855	-869	-666	-641	701	-251
251	-3031	-1198	-628	-794	822	-236
252	-3147	-1404	-727	-964	981	-184
253	-3098	-1437	-954	-1046	1153	-77
254	-3348	-1847	-969	-1058	1346	77
255	-3649	-2160	-936	-1060	1543	222
256	-3865	-2526	-878	-1038	1710	385
257	-4722	-3178	-698	-1027	2042	751
258	-5291	-3426	-647	-905	2338	1076
259	-7431	-1631	-1022	2216	3324	2818
260	-7031	-447	-1024	4646	3390	3903
261	-6921	273	-609	7132	3394	5039
262	-6245	712	201	9770	3497	6398
263	-5412	-187	2516	13594	4759	9119
264	5248	-6646	-1201	9307	10343	12378
265	17508	-7072	-1989	2122	11094	13344
266	24063	-5050	-1532	-3002	9531	13095
267	20774	85	-1729	-4185	5122	10986
268	7285	6562	-4337	-2990	975	6095
269	-771	7431	-1936	1423	-828	-810
270	898	-243	794	2739	-822	-4435
271	2876	-727	-2140	740	-1080	-4420
272	3905	-3311	-3169	-1306	-1370	-3749
273	56	-1278	-2199	-2338	452	-119
274	-344	753	-3075	-749	788	1938
275	38	742	-2515	805	893	2650
276	107	311	-2231	1895	815	2398
277	573	-315	-2334	2097	634	1500
278	804	-883	-2353	1567	270	253
279	999	-442	-2701	-1552	-563	-1312
280	661	-437	-2622	-1265	-617	-936
281	827	-631	-2381	-1122	-723	-825
282	904	-845	-2234	-1279	-884	-854
283	1044	-1210	-1974	-1702	-1088	-1065
284	1146	-1500	-1761	-2371	-1283	-1417
285	1227	-1266	-1713	-3210	-1486	-1847
286	1476	-821	-1685	-4026	-1700	-2296
287	1691	441	-1548	-5669	-2147	-3718
288	1805	1044	-1589	-5832	-2229	-4155
289	1725	1372	-1536	-5858	-2269	-4539
290	1584	1599	-1474	-5878	-2239	-4852
291	1292	1842	-1422	-5940	-2162	-5064
292	778	2052	-1333	-6030	-2017	-5180
293	391	2156	-1135	-6129	-1796	-5216
294	-193	2344	-807	-6044	-1408	-5232
295	-552	2381	-604	-5824	-1227	-5161
296	-799	2481	-555	-5539	-1089	-5040
297	-1082	2582	-492	-5105	-999	-4863
298	-1401	2373	-411	-4650	-920	-4647
299	-2324	1855	-682	-2114	-733	-3708
300	-2638	1574	-686	-1251	-748	-3459
301	-2704	1277	-709	-516	-729	-3257
302	-2669	1080	-762	173	-730	-3016
303	-2891	767	-659	842	-795	-2791
304	-3121	443	-434	1357	-840	-2583
305	-3526	22	-264	1743	-817	-2326
306	-3848	-376	-140	1967	-764	-2074
307	-3973	-604	-249	2030	-601	-1833
308	-3807	-607	-745	2247	-305	-1426
309	-3761	-754	-780	2530	-140	-1185
310	-3762	-1175	-478	3014	327	-447
311	-3616	-1378	-402	2971	460	-170
312	-3386	-1476	-478	2840	608	84
313	-3042	-1490	-658	2630	704	289
314	-2540	-1690	-850	2310	689	428
315	-1900	-2013	-1675	1077	54	538
316	-2403	-848	-1738	350	-449	444
317	-2554	-208	-989	261	-593	404
318	-2760	188	-438	502	-541	339
319	-2708	-402	-389	711	0	-17
320	-2552	-500	-564	293	64	-135
321	-2431	-361	-776	-34	78	-217
322	-2420	-200	-911	-183	69	-263
323	-2456	-68	-925	-180	71	-286
324	-2517	-99	-872	-110	80	-280
325	-2556	-197	-836	-55	89	-265
326	-2559	-307	-842	-72	96	-243
327	-2560	-458	-806	-265	89	-209
328	-2663	-455	-689	-439	102	-207
329	-2689	-463	-631	-601	140	-202
330	-2679	-490	-671	-738	190	-209
331	-2680	-544	-747	-856	258	-225
332	-2642	-622	-831	-959	317	-251
333	-2657	-693	-871	-1050	391	-277
334	-2908	-943	-815	-1241	676	-196
335	-3207	-1038	-807	-1166	803	-66
336	-3323	-1210	-780	-1085	932	95
337	-3579	-1442	-717	-993	1089	262
338	-3681	-1589	-780	-905	1271	450
339	-5273	-2496	-478	-560	2123	1168
340	-6151	-2319	-393	-145	2426	1341
341	-6841	-2094	-405	621	2638	1579
342	-8035	-1899	-530	1670	2800	1867
343	-8123	-1103	-612	4161	3184	2840
344	-7222	-431	-183	6363	3371	4080
345	-6396	-200	691	8522	3660	5609
346	-5544	-314	1416	10351	4241	7348
347	-4369	-1103	1781	11700	5203	9097
348	-3062	-1398	1359	12246	6638	10519
349	906	-2773	244	11355	8559	11657
350	7652	-4191	-1156	7900	9992	12578
351	22575	-5828	-1973	-463	9464	12352
352	17420	-1363	-1564	-2222	4402	9125
353	6194	5296	-3073	-1301	427	4437
354	752	4313	-831	1792	-1352	-1582
355	506	-960	569	2000	-1091	-4192
356	2326	-1215	-2634	209	-1078	-4289
357	57	-451	-2573	-1405	659	571
358	-274	338	-2758	-86	826	2104
359	792	-1128	-2499	1206	167	145
360	693	-1234	-2557	244	-204	-671
361	534	-849	-2741	-1194	-519	-1151
362	419	-349	-2794	-1545	-524	-1045
363	387	-139	-2747	-1473	-539	-875
364	436	8	-2602	-1213	-572	-734
365	572	-6	-2571	-902	-664	-680
366	730	-339	-2435	-739	-807	-717
367	777	-733	-2230	-892	-956	-844
368	1021	-952	-1977	-1766	-1245	-1254
369	1242	-988	-1891	-2531	-1441	-1634
370	1244	-932	-1798	-3250	-1589	-1967
371	1119	-689	-1662	-3940	-1668	-2316
372	1132	-98	-1660	-4474	-1708	-2657
373	1352	395	-1739	-4818	-1797	-2995
374	1556	781	-1780	-5002	-1886	-3309
375	1505	1272	-1653	-5129	-1968	-3837
376	1246	1433	-1516	-5260	-1950	-4090
377	955	1712	-1307	-5416	-1896	-4232
378	-674	2231	-576	-5931	-1282	-4306
379	-900	2390	-605	-5806	-1083	-4239
380	-1071	2822	-721	-4415	-1080	-4058
381	-1312	2713	-646	-3560	-1279	-3929
382	-1589	2396	-484	-2850	-1442	-3786
383	-2069	2035	-258	-2252	-1539	-3609
384	-2237	1800	-161	-1785	-1523	-3450
385	-2491	1338	-248	-1348	-1484	-3201
386	-2969	894	-216	-1005	-1418	-3041
387	-3405	430	-277	-569	-1265	-2778
388	-3566	419	-178	-179	-1100	-2626
389	-3649	375	-185	283	-958	-2477
390	-3888	297	-274	841	-806	-2345
391	-4094	172	-298	1474	-657	-2215
392	-4268	-48	-368	2068	-486	-2069
393	-4436	-368	-356	2629	-369	-1912
394	-4481	-832	-397	3032	-174	-1671
395	-4361	-1250	-467	3241	72	-1400
396	-4077	-2181	-755	3033	584	-921
397	-3817	-2259	-881	2655	872	-610
398	-3503	-2112	-961	2313	1094	-349
399	-2059	-713	-2588	653	-413	326
400	-2562	172	-1225	761	-617	352
401	-2886	416	-231	1229	-509	322
402	-3037	363	140	1573	-270	265
403	-2933	-109	66	1548	-91	135
404	-2679	-955	-242	-14	126	-215
405	-2655	-785	-503	-384	159	-269
406	-2651	-581	-840	-496	220	-271
407	-2622	-636	-1000	-430	287	-239
408	-2673	-771	-1030	-416	334	-226
409	-2745	-861	-996	-474	386	-216
410	-2812	-802	-930	-554	434	-217
411	-2832	-779	-842	-613	495	-238
412	-2870	-737	-776	-690	565	-267
413	-2901	-683	-700	-830	691	-297
414	-2961	-789	-715	-926	789	-286
415	-2985	-975	-759	-988	883	-243
416	-3114	-1217	-715	-1069	964	-174
417	-3215	-1327	-670	-1149	1053	-78
418	-3413	-1393	-636	-1209	1153	65
419	-4435	-1691	-325	-1053	1677	781
420	-4612	-1537	-230	-846	1830	1000
421	-4916	-1319	-254	-495	2000	1232
422	-4994	-1124	-551	689	2264	1764
423	-5562	-1246	-627	1773	2451	2132
424	-6005	-1035	-454	2937	2679	2587
425	-6217	-521	-357	4320	2942	3212
426	-5833	-152	-177	5929	3196	4157
427	-4311	-1057	839	10498	4601	7647
428	-3555	-1702	1099	11344	5718	8971
429	-1327	-2610	556	11264	7096	10133
430	3573	-3053	-1286	9502	8700	11187
431	10075	-4843	-1438	5627	9413	12039
432	17621	-6684	-798	567	9766	11992
433	18642	-3021	-1828	-2346	7779	10449
434	4610	5493	-3534	-649	792	3833
435	1224	35	-424	2428	-1015	-1936
436	983	-547	-763	1676	-1011	-3703
437	3475	-1625	-3004	36	-1127	-3671
438	-434	-92	-2441	450	997	2027
439	-441	-574	-2316	1018	1177	2237
440	182	-551	-2575	1203	1082	1714
441	920	-747	-2617	617	385	-10
442	847	-528	-2901	-23	-10	-767
443	827	-337	-3170	-385	-244	-957
444	646	-374	-2999	-509	-372	-896
445	461	-465	-2934	-429	-402	-738
446	357	-645	-2898	-354	-472	-584
447	440	-867	-2717	-443	-564	-480
448	541	-1209	-2532	-710	-667	-474
449	721	-1489	-2353	-1228	-807	-580
450	1168	-638	-2042	-3098	-1254	-1420
451	1135	-226	-2142	-3414	-1399	-1794
452	1189	77	-2314	-3580	-1550	-2181
453	1370	400	-2376	-3612	-1742	-2590
454	1522	633	-2206	-3651	-2014	-3180
455	1457	626	-1997	-3771	-2130	-3532
456	1221	700	-1790	-3970	-2128	-3813
457	1090	888	-1661	-4283	-2100	-4032
458	213	1750	-976	-5693	-1563	-4281
459	-111	1808	-855	-5862	-1393	-4249
460	-461	1951	-722	-5916	-1238	-4216
461	-731	2118	-636	-5843	-1114	-4175
462	-1059	2299	-593	-5623	-1020	-4113
463	-1376	2282	-582	-5264	-931	-4017
464	-1643	2440	-570	-4389	-860	-3822
465	-1857	2328	-637	-3551	-919	-3693
466	-1994	2218	-576	-2852	-970	-3634
467	-2055	1919	-594	-2150	-1016	-3554
468	-2234	1598	-557	-1538	-1045	-3482
469	-2513	1100	-405	-706	-1086	-3265
470	-2961	728	-315	-200	-1047	-3068
471	-3128	423	-183	153	-978	-2878
472	-3420	163	-234	457	-861	-2698
473	-3990	-248	-924	1565	-378	-2209
474	-4162	-424	-1097	2173	-145	-2051
475	-4058	-520	-1252	2809	43	-1862
476	-4049	-822	-1334	3423	231	-1562
477	-3874	-1049	-1336	3857	428	-1209
478	-2423	-2732	-3174	2255	-763	489
479	-2610	-1644	-1708	1392	-890	729
480	-3006	-594	-595	1157	-754	860
481	-3002	97	-78	1320	-453	884
482	-2803	-11	-124	1533	-105	640
483	1	1	-1	1	1	-1
484	-2596	-563	-195	725	-71	138
485	-2622	-450	-420	123	-74	-109
486	-2660	-543	-481	17	-40	-184
487	-2643	-644	-567	-10	-2	-208
488	-2597	-796	-686	-64	14	-183
489	-2617	-949	-785	-177	19	-133
490	-2703	-1025	-896	-307	37	-92
491	-2801	-967	-933	-424	73	-74
492	-2942	-973	-847	-602	155	-114
493	-2991	-1014	-727	-819	230	-197
494	-3037	-963	-687	-1033	313	-277
495	-3054	-928	-726	-1226	420	-362
496	-3042	-822	-789	-1355	538	-452
497	-3161	-733	-796	-1360	858	-525
498	-3572	-1196	-646	-1182	1160	-86
499	-3726	-1281	-612	-1186	1275	116
500	-3818	-1248	-593	-1170	1428	330
501	-3984	-1088	-678	-1031	1568	531
502	-4051	-896	-769	-391	1751	936
503	-4260	-740	-806	160	1825	1208
504	-4214	-695	-676	824	1910	1536
505	-4218	-766	-625	1469	2030	1913
506	-4120	-886	-706	2133	2171	2357
507	-4237	-892	-824	2765	2329	2895
508	-4273	-852	-739	3367	2488	3542
509	-4292	-791	-530	3998	2686	4289
510	-4561	-407	-366	4720	2964	5131
511	-4623	406	-373	5794	3242	6076
512	-4714	1027	-461	7374	3683	7059
513	-4217	840	-724	8922	4297	7845
514	-2912	650	-708	10120	5049	8564
515	-521	408	-587	10643	6214	9417
516	3365	-2201	-867	9531	7647	10452
517	8120	-4386	-876	6328	8791	11230
518	372	8115	-3683	1191	-1097	1482
519	3946	-2698	-4250	-191	-1315	-3476
520	-706	-2410	-1689	-1731	-545	-1917
521	473	-840	-1913	-1379	557	70
522	-165	771	-3015	122	765	1478
523	-304	148	-2478	1330	820	1991
524	-373	-1179	-2147	1651	880	1726
525	406	-1273	-2387	1186	710	974
526	884	-1433	-2372	405	345	86
527	929	-1315	-2481	-397	43	-575
528	887	-789	-2993	-934	-212	-901
529	741	-451	-2954	-1078	-371	-959
530	529	-383	-2875	-893	-411	-848
531	362	-519	-2883	-631	-439	-684
532	338	-752	-2808	-467	-486	-540
533	392	-919	-2662	-491	-551	-431
534	715	-1118	-2450	-891	-796	-474
535	898	-1069	-2315	-1319	-1034	-754
536	1126	-931	-2231	-1697	-1265	-1108
537	1357	-619	-2136	-2034	-1495	-1500
538	1189	-12	-2202	-3584	-1954	-3145
539	1364	486	-2169	-3886	-2003	-3459
540	1390	785	-2008	-4020	-2055	-3680
541	1407	990	-1814	-4086	-2090	-3869
542	1280	1085	-1621	-4198	-2136	-3964
543	339	1345	-1408	-4793	-2060	-3840
544	-129	1373	-1265	-5037	-1964	-3721
545	-491	1448	-1067	-5194	-1866	-3615
546	-689	1535	-892	-5308	-1788	-3513
547	-817	1800	-794	-5302	-1774	-3416
548	-943	1752	-786	-5206	-1760	-3323
549	-1231	1955	-807	-4671	-1920	-3225
550	-1473	1955	-613	-4090	-2076	-3135
551	-1751	1812	-465	-3619	-2154	-2996
552	-2010	1602	-343	-3260	-2150	-2879
553	-2102	1255	-359	-3003	-2089	-2775
554	-2371	1195	-275	-2760	-2050	-2756
555	-2608	1281	-201	-2448	-1981	-2746
556	-3011	1247	-140	-1989	-1840	-2742
557	-3903	750	-66	468	-1024	-2655
558	-4147	385	-138	1024	-820	-2597
559	-4392	-93	-240	1483	-584	-2521
560	-4623	-549	-337	1824	-314	-2408
561	-4554	-887	-607	2132	-19	-2260
562	-4437	-1169	-880	2429	241	-2017
563	-4303	-1334	-1132	2706	514	-1706
564	-3858	-1716	-1327	3122	904	-1067
565	-2810	-1922	-1284	3236	1081	-563
566	-2487	-2246	-2794	997	-369	279
567	-2841	-1016	-1173	302	-551	477
568	-3115	-291	-232	406	-345	528
569	-3109	141	33	698	3	519
570	-3052	-12	-110	796	267	363
571	-2917	-491	-265	529	430	133
572	-2771	-695	-358	58	506	-116
573	-2664	-615	-612	-338	527	-306
574	-2671	-472	-800	-523	546	-426
575	-2697	-563	-861	-543	578	-476
576	-2784	-731	-804	-522	617	-491
577	-2907	-802	-819	-1121	861	-511
578	-3071	-943	-801	-981	901	-441
579	-3101	-1107	-775	-883	902	-351
580	-3138	-1375	-682	-846	928	-208
581	-3150	-1639	-646	-954	1074	182
582	-3577	-1831	-550	-977	1229	518
583	-4039	-1728	-482	-888	1376	806
584	-4384	-1595	-454	-547	1554	1162
585	-5109	-1179	-550	37	1787	1489
586	-5297	-654	-928	1022	2001	1821
587	-5437	-470	-1043	2271	2097	2106
588	-5987	-292	-810	3665	2255	2376
589	-5590	88	366	7536	3151	3737
590	-5098	-464	748	8790	3704	4576
591	-4799	-1429	1201	9404	4422	5444
592	-4126	-2465	1456	9474	5390	6471
593	-3129	-3207	1238	8902	6559	7554
594	-1465	-3545	258	7649	7769	8603
595	1613	-3338	-946	5709	9069	9687
596	16134	235	-3072	64	5132	9487
597	1	1	-1	1	1	-1
598	874	-2461	1269	2432	-1314	-3157
599	2308	-713	-2011	445	-1238	-3813
600	2184	-2736	-2759	-1468	-1281	-3635
601	237	-1886	-1477	-2290	-250	-2306
602	429	-324	-2418	-1686	529	-507
603	-480	66	-2752	-550	731	1142
604	-501	-359	-2463	459	957	1908
605	-312	-488	-2422	1198	984	1856
606	43	-331	-2381	1623	824	1173
607	551	-940	-2491	1519	466	245
608	568	-1216	-2531	971	94	-524
609	486	-1211	-2744	319	-93	-891
610	502	-1070	-2858	-178	-186	-911
611	330	-950	-2712	-385	-183	-711
612	211	-1012	-2704	-388	-139	-427
613	325	-1281	-2407	-605	-151	16
614	1	1	-1	1	1	-1
615	1773	-551	-2165	-2386	-1499	-1752
616	1892	-626	-1943	-2769	-1923	-2306
617	1825	-606	-1787	-3281	-2183	-2804
618	1748	-512	-1837	-3909	-2319	-3204
619	1620	-143	-1908	-4542	-2391	-3580
620	1615	370	-2056	-5022	-2433	-3848
621	1462	847	-1991	-5277	-2458	-4115
622	1352	1184	-1854	-5387	-2455	-4337
623	1161	1393	-1722	-5427	-2404	-4492
624	952	1580	-1555	-5495	-2384	-4574
625	648	1759	-1446	-5572	-2332	-4585
626	194	1904	-1336	-5619	-2266	-4523
627	-294	1962	-1192	-5614	-2183	-4429
628	-729	1962	-1125	-5535	-2066	-4328
629	-1151	2037	-997	-5358	-1942	-4251
630	-1512	1986	-893	-5122	-1818	-4189
631	-1752	1946	-791	-4862	-1709	-4136
632	-1831	1967	-794	-4491	-1665	-4065
633	-1857	2076	-800	-3972	-1720	-3978
634	-1935	2147	-702	-3332	-1767	-3865
635	-2938	875	-454	-1160	-1615	-3218
636	-3408	523	-784	285	-1060	-2834
637	-3647	487	-813	1105	-815	-2694
638	-3715	332	-760	1920	-526	-2550
639	-3712	47	-710	2702	-278	-2401
640	-3737	-334	-697	3419	-28	-2150
641	-3561	-568	-624	3983	192	-1842
642	-3410	-1418	-531	4245	419	-1445
643	-3291	-2127	-479	4128	644	-994
644	-2393	-3162	-908	3726	694	-356
645	-2326	-3123	-3419	1919	-413	661
646	-2539	-1245	-1916	1647	-758	1073
647	-2766	-289	-453	1946	-643	1292
648	-2999	133	119	2265	-351	1379
649	-3099	-227	193	2240	-147	1283
650	-3054	-745	162	1787	-41	1051
651	-3116	-982	146	1105	11	784
652	-3092	-846	-47	466	13	533
653	-3083	-670	-338	80	9	311
654	-3053	-678	-600	-33	-5	129
655	-3373	-1345	-652	39	49	-197
656	-3423	-1475	-625	-167	128	-227
657	-3381	-1373	-701	-370	234	-248
658	-3389	-1296	-772	-532	317	-308
659	-3479	-1241	-631	-1045	621	-612
660	-3500	-1147	-589	-1246	827	-733
661	-3443	-1151	-583	-1367	1021	-809
662	-3598	-1194	-467	-1397	1373	-848
663	-3691	-1349	-349	-1308	1610	-786
664	-3931	-1457	-284	-1215	1792	-719
665	-3802	-1673	-319	-1096	1955	-604
666	-4091	-2200	-298	-979	2107	-448
667	-4559	-2641	-112	-952	2341	-267
668	-5029	-3033	100	-867	2578	2
669	-6166	-3652	245	-623	2856	358
670	-7064	-4086	237	-36	3182	843
671	-7600	-3732	-228	1093	3386	1412
672	-7361	-3211	-432	2739	3389	2339
673	-7025	-2624	-114	4661	3319	3775
674	-4079	-2055	1863	10703	6752	10684
675	84	-2056	455	10245	8915	12060
676	7877	-2614	-2662	8009	10745	12934
677	24525	-2511	-1838	1992	11453	13558
678	24994	504	-5118	2039	6284	11065
679	10693	4504	-3093	3556	-119	6462
680	-2843	2237	983	4312	-2285	-409
681	-1354	-5842	1789	2654	-2140	-3853
682	917	-1898	-1344	-4374	114	-3160
683	1375	1299	-3180	-1887	906	-271
684	873	1589	-3665	1292	709	2056
685	408	109	-2586	3348	682	2815
686	-84	-2389	-1791	3529	748	2419
687	254	-2810	-1690	2263	677	1277
688	449	-2814	-1894	555	355	-58
689	544	-2338	-2390	-1028	60	-1108
690	670	-1124	-2827	-1887	-199	-1662
691	690	-527	-3128	-1962	-339	-1714
692	701	-185	-3379	-1544	-354	-1485
693	395	-1210	-2722	150	-509	-511
694	366	-1669	-2453	-308	-529	-572
695	492	-1770	-1984	-1611	-657	-1019
696	759	-1344	-2114	-2402	-821	-1384
697	893	-876	-2263	-2879	-1021	-1700
698	1008	-489	-2340	-3195	-1190	-1990
699	1143	-166	-2313	-3413	-1365	-2276
700	1376	30	-2280	-3605	-1556	-2576
701	1523	59	-2123	-3810	-1724	-2910
702	1566	173	-1961	-4090	-1821	-3239
703	1477	394	-1806	-4413	-1858	-3550
704	1372	574	-1699	-4761	-1845	-3810
705	1201	792	-1550	-5147	-1784	-4027
706	691	1531	-1192	-5939	-1514	-4419
707	425	1714	-1050	-6011	-1457	-4488
708	-58	2027	-814	-5966	-1410	-4475
709	-360	2117	-692	-5798	-1375	-4357
710	-642	2146	-707	-5567	-1335	-4222
711	-981	2140	-827	-5214	-1294	-4066
712	-1265	2061	-840	-4718	-1299	-3934
713	-1704	1787	-928	-1985	-1569	-3444
714	-1803	1576	-839	-1318	-1762	-3274
715	-1995	1353	-730	-729	-1949	-3074
716	-2350	936	-579	-270	-2074	-2818
717	-2699	462	-445	-10	-2102	-2586
718	-3030	73	-384	96	-2008	-2391
719	-3477	-270	-462	143	-1820	-2240
720	-3733	-413	-572	182	-1609	-2134
721	-3813	49	-904	411	-1336	-2053
722	-3981	484	-1138	1627	-1014	-1799
723	-3992	479	-1096	2670	-837	-1595
724	-3821	-569	-955	3745	-548	-1089
725	-3840	-1284	-693	3677	-367	-712
726	-3651	-1854	-643	3213	-150	-375
727	-3100	-2141	-761	2644	41	-9
728	-2722	-2463	-1158	2039	48	377
729	-2647	-341	-1840	1064	-959	1036
730	-2927	168	-732	1541	-964	1101
731	-3151	201	-112	1950	-816	1110
732	-3206	-1015	-2	667	-128	468
733	-3190	-895	-194	120	26	273
734	-3169	-760	-410	-205	156	119
735	-3191	-749	-607	-344	268	2
736	-3291	-838	-731	-400	360	-85
737	-3259	-924	-851	-435	446	-142
738	-3263	-1001	-927	-482	512	-191
739	-3225	-1072	-990	-525	570	-235
740	-3313	-972	-833	-621	705	-333
741	-3403	-1004	-633	-737	805	-418
742	-3461	-1055	-523	-885	917	-499
743	-3495	-1102	-490	-1067	1030	-592
744	-3513	-1049	-529	-1201	1154	-668
745	-3467	-1033	-582	-1284	1305	-714
746	-3456	-987	-671	-1294	1482	-732
747	-3386	-953	-696	-1231	1653	-722
748	-3553	-1095	-518	-1154	1786	-651
749	-3981	-1302	-290	-1117	1852	-563
750	-4202	-1495	-66	-1106	1914	-414
751	-4379	-1730	-34	-1091	2036	-209
752	-7017	-1810	-471	2263	2752	2286
753	-6438	-1455	-265	4399	2652	3881
754	-6124	-844	-97	6521	2710	5520
755	-5597	-1011	481	8615	3199	7216
756	-5015	-1047	2135	11692	5132	10008
757	-2842	-1197	2285	12707	7578	11581
758	2331	-1779	3	12086	10077	12511
759	11170	-3885	-1626	8833	11640	12983
760	21526	-5878	-418	4097	12663	12784
761	24591	-4560	-2583	1251	9756	11209
762	16897	1184	-3436	836	2898	7838
763	-915	7151	-1023	2744	-1405	1356
764	-882	-2974	673	1749	-2018	-3922
765	2546	-3761	-3582	-2443	-1659	-4238
766	138	-2617	-1325	-3985	-507	-3055
767	648	-385	-1504	-3243	815	-770
768	546	1870	-2982	-821	1037	1225
769	399	1348	-2866	1620	980	2277
770	137	-657	-2038	2900	954	2328
771	826	-996	-2958	-1375	-383	-1616
772	668	-444	-3050	-1383	-538	-1724
773	672	-265	-3189	-1033	-608	-1621
774	515	-458	-3098	-669	-688	-1461
775	954	-1466	-2664	-710	-1011	-1164
776	969	-1702	-2421	-1399	-1179	-1237
777	756	-1681	-2289	-2161	-1256	-1401
778	948	-1436	-2160	-2888	-1325	-1647
779	1209	-1031	-2002	-3507	-1437	-1951
780	1414	-753	-1915	-3967	-1576	-2312
781	1416	-429	-1937	-4357	-1715	-2708
782	1258	35	-2099	-4624	-1804	-3048
783	1193	486	-2224	-4777	-1877	-3318
784	1363	1444	-2136	-4695	-1936	-3546
785	1257	1487	-2112	-4457	-2021	-3493
786	917	1198	-1938	-4311	-2188	-3452
787	551	1066	-1638	-4433	-2243	-3466
788	268	1191	-1431	-4634	-2250	-3492
789	-112	1268	-1213	-4868	-2213	-3471
790	-1270	1969	-796	-5662	-1600	-3351
791	-1338	2310	-717	-5371	-1535	-3349
792	-1367	2480	-611	-4869	-1523	-3309
793	-1468	2420	-493	-4211	-1595	-3234
794	-1675	2394	-391	-3523	-1697	-3152
795	-1928	2168	-469	-2862	-1738	-3030
796	-2096	1975	-508	-2208	-1806	-2897
797	-2285	1789	-502	-1599	-1831	-2777
798	-2549	1276	-537	24	-1974	-2500
799	-2705	1053	-521	513	-1982	-2372
800	-2926	741	-348	925	-1964	-2271
801	-3169	347	-254	1467	-1800	-2101
802	-3324	-52	-149	1686	-1604	-2031
803	-3510	-226	-14	1777	-1396	-1977
804	-3571	-430	-38	1846	-1146	-1888
805	-3695	-553	14	1920	-864	-1745
806	-3810	-646	52	2004	-608	-1570
807	-3976	-751	34	2113	-312	-1386
808	-3982	-1023	-338	2425	239	-1089
809	-3851	-1148	-517	2679	588	-898
810	-2678	-2453	-671	2293	1166	44
811	-1334	-3831	-1609	1110	686	375
812	-2554	-2535	-2541	-136	123	410
813	-2372	-1103	-2113	-719	-240	469
814	-2872	-151	-1130	-492	-215	491
815	-2999	309	-572	127	-13	473
816	-3124	249	-385	676	239	403
817	-3077	-1037	-442	453	514	76
818	-3134	-1404	-387	-281	663	-172
819	-3128	-1201	-532	-848	780	-328
820	-3163	-952	-650	-1132	887	-427
821	-3221	-863	-861	-1257	1161	-485
822	-3253	-851	-930	-1248	1275	-447
823	-3260	-835	-973	-1144	1392	-366
824	-3342	-967	-959	-1037	1475	-303
825	-3350	-1072	-879	-987	1556	-248
826	-3363	-1221	-696	-993	1623	-172
827	-3587	-1347	-498	-1082	1654	-113
828	-3748	-1360	-361	-1200	1726	-44
829	-4357	-1552	-689	-888	2408	685
830	-4814	-1656	-714	-485	2611	992
831	-5818	-1690	-1166	967	2780	1675
832	-6409	-1649	-1118	2671	2788	2397
833	-7070	-622	-373	6399	2785	4164
834	-5759	-588	346	9424	2826	6029
835	-5970	-884	1284	11630	3445	7693
836	-5368	-2035	2271	13129	4533	9255
837	-4704	-2452	2674	13796	6329	10625
838	-2052	-3698	1780	13161	8849	11725
839	5172	-5534	-422	10060	11762	12317
840	24290	-4869	-1362	694	13140	12674
841	24441	476	-5352	67	6578	10089
842	3992	8063	-2723	1839	16	5288
843	1971	596	495	4620	-2770	-1042
844	-1225	-4926	791	2877	-2728	-3639
845	1016	-1845	-1041	-5337	-34	-2706
846	642	2167	-3208	-3289	617	-476
847	381	2103	-3333	-231	579	1469
848	-307	711	-2554	2158	784	2331
849	454	-2095	-2373	-1243	-258	-1448
850	649	-1129	-2975	-2018	-666	-2061
851	779	-298	-3297	-1972	-917	-2292
852	951	13	-3377	-1483	-1166	-2411
853	1139	-293	-3217	-953	-1416	-2483
854	1395	-689	-2893	-678	-1660	-2584
855	1558	-1263	-2480	-739	-1836	-2646
856	1755	-1850	-1932	-1737	-2081	-2769
857	1540	-1658	-1954	-2767	-2129	-2798
858	1224	-1418	-2127	-3631	-2106	-2842
859	1129	-1008	-2223	-4387	-2148	-2944
860	1078	-596	-2181	-4952	-2120	-3028
861	1134	-285	-1976	-5310	-2079	-3167
862	1147	190	-1726	-5505	-2067	-3330
863	1052	879	-1616	-5539	-2107	-3506
864	813	1113	-1535	-5565	-2091	-3570
865	380	1170	-1211	-5790	-1951	-3584
866	57	1287	-941	-6037	-1779	-3603
867	-93	1510	-818	-6191	-1667	-3621
868	-1458	2541	-442	-4478	-1345	-3437
869	-1694	2435	-627	-3729	-1387	-3366
870	-1870	2238	-717	-2970	-1427	-3320
871	-2013	1894	-787	-2332	-1485	-3274
872	-2102	1815	-713	-1662	-1581	-3244
873	-2218	1746	-547	-977	-1687	-3213
874	-2367	1479	-481	-331	-1796	-3112
875	-2675	1139	-324	241	-1902	-2984
876	-3202	287	-259	845	-1836	-2726
877	-3366	-221	-239	1028	-1722	-2579
878	-3435	-224	-387	1198	-1543	-2467
879	-3502	-198	-679	1915	-1268	-2143
880	-3689	-420	-609	2493	-1115	-1826
881	-3799	-840	-428	2872	-927	-1449
882	-3884	-1189	-301	3022	-658	-1039
883	-3806	-1644	-493	2987	-319	-610
884	-3674	-1799	-872	2849	-2	-223
885	-3310	-1642	-1197	2747	266	142
886	-2925	-1465	-1577	2740	333	473
887	-2920	-302	-1049	1375	-856	824
888	-3122	3	-339	1510	-666	746
889	-3190	-313	-243	1608	-279	512
890	-3241	-789	-134	1325	-122	324
891	-3158	-1420	-271	207	145	110
892	-3158	-1401	-418	-160	231	94
893	-3226	-1365	-553	-396	317	98
894	-3259	-1252	-700	-553	383	111
895	-3368	-1241	-813	-706	522	120
896	-3378	-1223	-902	-807	672	129
897	-3549	-1296	-927	-834	824	132
898	-3692	-1479	-795	-907	1003	142
899	-3708	-1587	-689	-994	1202	161
900	-3852	-1792	-595	-1149	1388	155
901	-3936	-1769	-505	-1325	1565	145
902	-4148	-1504	-283	-1506	1842	181
903	-4284	-1348	-104	-1413	1974	215
904	-4464	-1248	95	-1219	2140	311
905	-4642	-1235	-75	-879	2362	409
906	-4881	-1298	-385	-431	2572	465
907	-6779	-934	465	2724	2714	1550
908	-7102	-738	552	4186	2882	2339
909	-6723	-762	392	5996	3031	3421
910	-6043	-817	482	7807	3249	4797
911	-4975	-1257	1591	10735	4430	7742
912	-3763	-2292	1894	11800	5981	9637
913	-2057	-2756	1672	11999	8008	11135
914	23334	-7461	-1423	2304	12459	13578
915	23856	-2897	-3363	-600	7792	11175
916	9489	6896	-4578	242	1364	6445
917	2332	5566	313	4590	-1884	-702
918	-478	-2262	2480	4750	-2423	-3764
919	634	-2342	-2847	1192	-1735	-4303
920	96	-4708	-2200	-1923	-1216	-3899
921	381	-2801	-229	-3278	595	-2186
922	820	1190	-2898	-778	1392	1494
923	211	137	-2736	1364	1437	2231
924	166	-940	-2650	2114	1373	1781
925	679	-1654	-2510	1847	966	622
926	1	1	-1	1	1	-1
927	1	1	-1	1	1	-1
928	224	-655	-2888	659	213	626
929	158	-964	-2671	889	207	832
930	174	-1313	-2466	727	145	834
931	83	-1475	-2281	194	79	694
932	333	-1160	-2327	-384	-27	547
933	333	-533	-2401	-752	-141	424
934	63	-153	-2573	-846	-153	340
935	-89	788	-2631	-130	-155	249
936	-114	659	-2432	573	-206	287
937	-636	-579	-2009	296	-13	500
938	-657	-489	-2018	-356	74	512
939	-656	-133	-2153	-727	130	468
940	-734	221	-2363	-807	159	385
941	-687	411	-2522	-672	140	284
942	-577	595	-2582	-395	108	205
943	-396	561	-2647	-57	30	154
944	-307	223	-2604	281	-99	165
945	-397	-118	-2474	-309	-51	239
946	-359	-24	-2469	-416	-30	240
947	-376	128	-2461	-430	-20	214
948	-309	269	-2471	-346	-34	186
949	-177	317	-2438	-95	-94	147
950	1	1	-1	1	1	-1
951	-306	108	-2346	37	-70	109
952	-320	88	-2341	-8	-33	88
953	-345	54	-2306	-66	0	71
954	-280	120	-2328	-118	16	57
955	-279	158	-2332	-128	23	48
956	-274	58	-2327	-163	24	13
957	-363	-40	-2337	-259	56	-8
958	-337	2	-2389	-336	75	-15
959	-314	24	-2395	-388	77	-16
960	-333	90	-2411	-380	76	-5
961	-356	164	-2452	-89	47	-23
962	-361	51	-2448	-51	38	-28
963	-351	-17	-2430	-81	50	-33
964	-348	-14	-2436	-122	61	-33
965	-284	74	-2528	31	26	-31
966	-317	9	-2493	38	10	-37
967	-306	-32	-2488	1	11	-36
968	-312	5	-2471	-33	12	-34
969	-252	66	-2474	-27	7	-25
970	-244	72	-2443	6	-4	-23
971	-252	170	-2461	49	14	-24
972	-257	148	-2500	181	28	-41
973	-280	-5	-2453	150	35	-50
974	-288	-113	-2432	42	29	-49
975	-314	-93	-2446	-83	19	-51
976	-313	8	-2457	-144	17	-52
977	-290	145	-2502	-115	18	-58
978	-199	289	-2515	0	0	-60
979	-193	179	-2445	254	-47	-76
980	-229	1	-2401	288	-50	-103
981	-254	-158	-2350	195	-39	-117
982	-271	-236	-2328	26	-9	-109
983	-255	-183	-2377	-132	25	-94
984	-220	-34	-2469	140	24	-57
985	-218	-83	-2455	129	16	-61
986	-199	-99	-2466	98	13	-59
987	-167	-133	-2455	59	10	-42
988	-164	-123	-2443	10	9	-22
989	-158	-116	-2463	-30	9	1
990	-215	-82	-2491	-85	21	14
991	-174	-33	-2494	-70	10	6
992	-175	-57	-2491	-36	4	-7
993	-170	-83	-2490	-22	-17	-12
994	-135	-104	-2485	-28	-35	-11
995	-123	-137	-2474	-53	-64	-6
996	-141	-131	-2466	-93	-82	-8
997	-97	-55	-2458	-162	-136	-69
998	-65	-132	-2421	-237	-198	-207
999	17	-252	-2400	-341	-288	-384
1000	112	-294	-2416	-495	-394	-574
1001	213	-299	-2403	-681	-527	-759
1002	283	-290	-2402	-872	-687	-926
1003	346	-284	-2363	-1041	-857	-1108
1004	698	-496	-2007	-1964	-1471	-1907
1005	732	-447	-1963	-2331	-1530	-2083
1006	741	-361	-1992	-2679	-1599	-2234
1007	965	-134	-1983	-3618	-1877	-2705
1008	833	-71	-1974	-4054	-1910	-2966
1009	824	162	-2001	-4499	-1892	-3206
1010	903	468	-2031	-4850	-1877	-3431
1011	892	849	-2049	-5074	-1851	-3609
1012	796	1158	-1962	-5210	-1839	-3742
1013	597	1374	-1698	-5599	-1795	-3908
1014	324	1666	-1489	-5878	-1758	-3955
1015	73	1796	-1418	-6069	-1722	-3955
1016	-209	1759	-1333	-6239	-1690	-3996
1017	-567	1830	-1158	-6390	-1657	-4086
1018	-1068	1935	-736	-6623	-1539	-4283
1019	-1532	1970	-501	-6676	-1382	-4361
1020	-1863	2106	-346	-6536	-1223	-4370
1021	-2089	2225	-361	-6143	-1111	-4335
1022	-2229	2349	-310	-5552	-1026	-4224
1023	-2250	2267	-234	-4843	-937	-4096
1024	-2913	1644	-974	-1312	-416	-3617
1025	-2875	1375	-1178	-231	-317	-3442
1026	-2793	1266	-1182	794	-215	-3230
1027	-2737	1053	-1200	1730	-140	-2970
1028	-2868	788	-999	2563	-141	-2707
1029	-3180	296	-850	3191	-141	-2444
1030	-3448	-140	-682	3563	-103	-2158
1031	-3138	-1757	-1155	2044	389	-739
1032	-2825	-1805	-766	1200	441	-118
1033	-2398	-486	-1330	1029	287	505
1034	-2185	-122	-1531	1073	86	580
1035	-2259	237	-1309	1179	-244	515
1036	-2273	174	-929	1219	-354	428
1037	-2372	-246	-585	1051	-380	311
1038	-2341	-562	-537	797	-363	300
1039	-2353	-854	-718	389	-325	394
1040	-2347	-831	-821	199	-267	528
1041	-2324	-825	-1005	101	-137	870
1042	-2337	-813	-1105	120	-29	1162
1043	-2785	-811	-745	190	294	2485
1044	-2780	-718	-708	117	375	2733
1045	-2666	-315	-732	78	545	2983
1046	-2636	11	-810	192	697	3068
1047	-2625	403	-861	568	949	3077
1048	-2704	621	-846	916	1105	3028
1049	-2529	1052	-730	1493	1327	2920
1050	-2231	1552	-742	2183	1647	2785
1051	-2097	1596	-825	2570	1787	2635
1052	-1868	1538	-963	3345	1924	2133
1053	-1704	1380	-1027	3583	1913	1953
1054	-1623	1229	-1126	3619	1901	1869
1055	-1251	1568	-1470	3657	1830	1606
1056	-1122	1527	-1647	3720	1756	1434
1057	-1058	1406	-1821	3721	1602	1190
1058	-1130	1135	-1869	3657	1497	1129
1059	-1290	544	-1984	3319	1431	1114
1060	-1298	165	-2003	2885	1414	1120
1061	-1056	38	-2108	2029	1391	1040
1062	-715	220	-2465	462	1343	884
1063	-723	335	-2436	222	1312	927
1064	-705	378	-2475	219	1295	956
1065	-488	841	-2691	374	1214	1014
1066	-387	767	-2729	786	1141	1092
1067	-391	521	-2648	922	1091	1062
1068	-464	156	-2553	846	1060	1004
1069	-545	-21	-2527	637	1087	1000
1070	-593	-202	-2452	229	1177	1009
1071	-556	-148	-2440	-46	1215	1006
1072	-522	-91	-2443	-362	1272	1037
1073	-468	-10	-2461	-494	1289	1044
1074	-410	129	-2477	-521	1266	1071
1075	-412	161	-2452	-452	1240	1107
1076	-330	264	-2403	-136	1081	1231
1077	-304	255	-2340	37	979	1361
1078	-279	198	-2301	86	928	1456
1079	-247	97	-2253	48	898	1560
1080	-207	79	-2236	-38	884	1598
1081	74	287	-2254	-159	726	1799
1082	139	319	-2265	-105	664	1847
1083	244	302	-2271	-2	550	1917
1084	340	235	-2229	34	469	1954
1085	375	160	-2174	2	417	1967
1086	406	40	-2117	-180	394	1961
1087	385	14	-2100	-356	389	1938
1088	380	-7	-2106	-674	407	1868
1089	398	38	-2087	-866	411	1790
1090	452	125	-2112	-1064	380	1614
1091	441	203	-2097	-1125	332	1466
1092	329	293	-2094	-1122	270	1236
1093	272	346	-2113	-1084	242	1079
1094	246	486	-2144	-966	220	875
1095	243	524	-2163	-851	215	764
1096	149	569	-2145	-655	229	611
1097	107	590	-2118	-514	262	513
1098	124	644	-2141	-296	333	386
1099	19	697	-2152	158	437	224
1100	691	586	-2069	550	490	181
1101	682	387	-2040	451	554	139
1102	790	304	-1996	278	623	91
1103	1151	328	-1956	-55	738	26
1104	1464	375	-1972	-250	809	-13
1105	1445	504	-2124	-413	878	-26
1106	1307	636	-2150	-439	893	-42
1107	1301	787	-2118	-379	863	-4
1108	1346	827	-2077	-285	820	40
1109	1346	769	-2040	-141	740	81
1110	1302	723	-1998	-97	700	85
1111	1200	635	-1899	-128	679	82
1112	1117	545	-1849	-201	678	59
1113	1083	535	-1808	-316	676	2
1114	1091	558	-1775	-397	656	-22
1115	1140	549	-1754	-517	589	-25
1116	1151	553	-1727	-589	526	-21
1117	1157	610	-1699	-679	444	18
1118	1110	624	-1717	-706	406	34
1119	1082	696	-1681	-698	357	45
1120	1072	788	-1586	-375	309	-67
1121	1085	806	-1580	-262	293	-107
1122	1135	725	-1563	-4	265	-177
1123	1152	608	-1522	55	230	-246
1124	1469	448	-1407	119	83	-266
1125	1292	432	-1586	36	228	-264
1126	1071	542	-1547	55	274	-201
1127	1180	679	-1616	121	222	-182
1128	1128	731	-1637	209	228	-155
1129	1143	620	-1627	336	186	-154
1130	1143	470	-1636	326	186	-139
1131	1021	496	-1728	251	212	-74
1132	709	461	-1552	174	201	-66
1133	1057	680	-1608	25	252	19
1134	910	727	-1639	31	250	99
1135	1038	857	-1752	170	249	87
1136	965	905	-1719	281	251	59
1137	880	767	-1583	251	292	-13
1138	999	696	-1678	-110	279	-199
1139	1018	645	-1723	-175	231	-196
1140	1008	658	-1801	-196	161	-167
1141	1014	732	-1835	-114	135	-143
1142	1010	849	-1909	119	104	-122
1143	1001	767	-1858	268	117	-122
1144	1009	585	-1795	289	132	-120
1145	996	539	-1787	218	117	-109
1146	1044	672	-1775	38	120	-61
1147	1092	738	-1764	84	132	-69
1148	1119	687	-1761	-121	126	-150
1149	1144	643	-1794	-47	110	-184
1150	1164	739	-1826	-164	81	-213
1151	1076	750	-1893	-269	42	-201
1152	1039	625	-1916	-413	-1	-190
1153	988	768	-1957	-519	-28	-166
1154	1005	784	-1905	-530	-32	-158
1155	959	997	-1845	-434	-9	-132
