-161,942,1332,-32,-58,105
-58,922,1568,-200,0,209
-46,871,1490,-228,52,216
-17,897,1441,-252,89,217
11,996,1443,-241,90,231
23,1084,1488,-192,79,241
-9,1071,1461,-142,57,243
-27,1036,1376,-121,32,228
-86,1030,1295,-103,11,186
-76,1003,1257,-82,8,125
-72,1016,1264,-73,9,72
-32,1070,1278,-42,-13,38
8,1116,1303,-3,-38,42
-2,1136,1336,27,-70,76
-66,1090,1344,42,-96,114
-99,1060,1371,49,-91,125
-110,1025,1369,48,-77,116
-61,1033,1374,57,-68,88
67,1103,1480,113,-26,23
63,1077,1475,116,0,6
72,1059,1460,130,41,-24
57,1096,1430,166,73,-57
80,1070,1409,212,98,-97
45,1084,1390,309,121,-124
-97,871,1323,360,157,-212
65,920,1269,453,227,-270
117,1121,1419,476,133,-164
-23,738,1492,279,109,26
-159,696,1379,86,79,76
-151,732,1313,-93,75,80
-138,848,1325,-206,73,74
-100,1009,1323,-242,51,83
-62,1103,1329,-194,19,96
-77,1136,1316,-95,-4,111
-99,1161,1288,21,-27,102
-192,1166,1217,142,-53,98
-33,1151,1311,242,-62,85
-28,1055,1366,244,-75,81
-23,975,1386,203,-83,86
-27,939,1378,102,-84,91
-7,942,1391,-14,-74,93
-15,971,1406,-113,-59,89
6,1127,1390,-143,-38,54
-17,1138,1386,-95,-35,45
-32,1126,1385,-50,-25,35
-62,1066,1386,34,3,29
-61,1036,1386,35,5,28
-70,1005,1399,19,11,28
-63,990,1398,-11,11,29
-65,1013,1398,-46,13,37
-66,1016,1387,-63,17,42
-56,1036,1394,-71,11,41
-49,1044,1382,-52,6,38
-55,1054,1372,-30,4,38
-60,1007,1390,25,2,49
-46,999,1407,9,3,51
-54,989,1394,-10,19,56
-49,1016,1409,-34,27,62
-51,1024,1395,-38,36,64
-31,1037,1395,-16,32,64
-32,1025,1388,-1,33,63
-48,1016,1391,6,32,59
-40,1005,1384,-7,37,54
-55,991,1413,-35,36,47
-57,1004,1400,-59,43,49
-68,1082,1371,-58,66,65
-60,1068,1392,-17,65,69
-53,1077,1384,9,65,68
-53,1062,1388,27,70,69
-45,1041,1390,37,73,79
-67,1016,1409,16,77,76
-64,1006,1428,-1,83,70
-65,1001,1429,-30,92,64
-70,1007,1435,-60,103,63
-61,1037,1444,-72,112,62
-51,1073,1420,-75,113,52
-78,1080,1419,-58,121,44
-71,1079,1420,-31,131,39
-77,1085,1423,-2,135,39
-77,1079,1425,16,150,47
-80,1062,1432,27,159,53
-77,1066,1417,40,174,57
-64,1019,1473,41,200,54
-78,1031,1468,18,223,47
-85,1031,1454,5,236,37
-94,1041,1437,-11,252,30
-108,1068,1424,-6,260,20
-112,1081,1431,7,266,12
-114,1079,1409,23,270,8
-122,1061,1396,50,268,5
-128,1046,1413,39,272,1
-134,1042,1386,26,276,0
-133,1033,1399,4,258,-15
-137,1028,1416,-23,255,-14
-133,1035,1440,-50,262,-15
-114,1040,1487,-73,286,-8
-121,1062,1493,-94,316,-13
-127,1086,1457,-93,354,-20
-137,1133,1461,-64,390,-32
-149,1160,1480,6,413,-51
-169,1144,1483,73,433,-72
-205,1121,1499,115,444,-87
-251,1049,1494,105,472,-91
-286,1010,1463,49,488,-86
-299,1014,1445,1,509,-88
-306,1031,1449,-26,515,-81
-310,1021,1502,-31,506,-87
-310,977,1523,-83,520,-95
-333,951,1533,-164,552,-95
-336,992,1511,-223,592,-92
-346,1053,1498,-234,627,-86
-353,1104,1466,-190,648,-89
-409,1099,1412,93,633,-94
-436,1033,1423,163,621,-88
-444,968,1410,174,602,-74
-450,929,1411,148,590,-59
-456,925,1384,92,580,-41
-449,909,1395,50,567,-43
-451,931,1354,8,545,-39
-459,954,1351,-32,527,-46
-460,970,1359,-62,497,-55
-466,981,1326,-82,467,-61
-473,1000,1297,-88,444,-58
-474,1016,1279,-84,416,-53
-471,1030,1276,-60,386,-37
-468,1022,1294,-31,359,-16
-455,1008,1306,-7,332,7
-442,987,1302,-7,302,27
-441,963,1308,-10,279,46
-435,960,1300,-27,260,63
-435,982,1297,-35,239,80
-426,978,1321,-28,212,90
-432,951,1350,-29,186,95
-450,943,1326,-42,167,100
-469,942,1328,-65,153,102
-471,961,1354,-93,141,104
-484,980,1338,-99,131,108
-511,1059,1307,-42,89,120
-519,1073,1302,2,70,128
-516,1005,1374,80,8,138
-536,969,1412,-6,-18,132
-542,987,1401,-65,-24,130
-525,1018,1405,-97,-24,119
-535,1049,1403,-109,-34,106
-538,1047,1430,-112,-37,91
-543,1046,1441,-121,-36,76
-557,1055,1416,-128,-30,64
-561,1095,1409,-109,-28,59
-559,1095,1400,-73,-33,58
-574,1113,1377,-20,-39,56
-555,1077,1405,34,-46,57
-538,1029,1416,48,-55,60
-561,987,1410,35,-60,58
-553,962,1389,8,-65,60
-537,951,1432,-25,-72,60
-521,962,1416,-56,-84,64
-530,981,1380,-58,-97,68
-531,996,1363,-52,-113,71
-530,1009,1355,-26,-131,82
-458,969,1401,68,-201,174
-448,1040,1391,122,-203,184
-423,1129,1389,235,-194,197
-414,1167,1382,391,-189,209
-431,1115,1406,532,-178,229
-440,1059,1446,614,-154,246
-439,969,1500,621,-132,274
-457,905,1533,554,-96,296
-483,906,1514,453,-63,322
-487,975,1519,374,-19,348
-500,1102,1442,365,6,368
-535,1242,1399,467,35,386
-563,1367,1384,640,61,416
-590,1423,1368,864,89,455
-610,1395,1421,1093,133,504
-634,1388,1439,1282,198,535
-653,1417,1457,1447,275,591
-687,1497,1433,1619,375,663
-746,1703,1380,2025,591,824
-750,1779,1424,2331,764,951
-745,1872,1403,2622,922,1057
-814,1998,1340,2926,1073,1126
-836,2095,1356,3286,1212,1164
-808,2251,1340,3695,1328,1166
-853,2511,1375,4974,1630,1082
-873,2497,1369,5416,1786,1024
-880,2435,1347,5694,1961,961
-902,2435,1048,6074,2474,678
-823,2492,946,6185,2604,558
-815,2520,828,6335,2719,423
-700,2502,723,6498,2800,265
-652,2536,616,6680,2856,104
-536,2582,445,6864,2870,-70
-394,2598,306,7047,2834,-203
-373,2554,217,7207,2809,-366
-245,2258,69,7401,2657,-651
-224,1981,-49,7378,2570,-831
-230,1679,-166,7215,2502,-972
-271,1358,-310,6907,2468,-1085
-188,1144,-514,6503,2427,-1201
-179,871,-715,6008,2398,-1301
-144,644,-883,5411,2372,-1375
-142,583,-1059,4777,2343,-1441
-54,667,-1179,4210,2329,-1494
-10,813,-1322,3783,2295,-1511
27,937,-1450,3495,2250,-1514
89,1076,-1520,3357,2198,-1519
119,1197,-1655,3367,2108,-1552
227,674,-1708,3285,1704,-1635
192,421,-1657,2965,1551,-1626
182,259,-1701,2559,1462,-1588
187,188,-1921,1520,1219,-1494
246,271,-2002,1206,1090,-1480
278,345,-2009,1043,967,-1461
324,561,-2030,997,833,-1431
319,632,-2068,1081,699,-1374
295,496,-2100,1140,558,-1316
278,229,-2122,1094,424,-1273
266,-15,-2101,928,298,-1226
270,-138,-2097,672,182,-1160
210,-181,-2100,396,90,-1071
160,-135,-2149,130,9,-968
156,3,-2219,-38,-65,-888
157,222,-2288,-61,-146,-803
116,278,-2341,21,-218,-730
89,243,-2355,107,-276,-663
62,142,-2335,146,-326,-596
51,17,-2311,102,-357,-526
57,49,-2292,27,-386,-453
23,67,-2331,-28,-405,-374
-36,139,-2383,-93,-429,-250
-51,183,-2298,-206,-403,-85
-55,364,-2344,-172,-403,-38
-53,449,-2364,-65,-404,9
-131,285,-2289,105,-378,84
-129,227,-2252,58,-354,111
-103,181,-2259,-35,-338,131
-74,230,-2232,-140,-345,144
-69,345,-2243,-215,-354,160
-78,423,-2264,-231,-371,174
-109,454,-2282,-217,-392,186
-110,456,-2265,-202,-418,195
-94,452,-2235,-218,-446,213
-85,454,-2207,-233,-480,228
-17,414,-2205,-281,-553,242
78,357,-2183,-386,-663,249
136,307,-2127,-549,-800,263
81,289,-2081,-769,-946,285
-43,364,-2142,-1210,-1211,358
-117,440,-2224,-1441,-1379,400
-152,467,-2236,-1620,-1559,421
-107,428,-2230,-1792,-1746,441
-51,426,-2154,-1969,-1984,447
-87,512,-2076,-2155,-2225,475
-501,964,-2192,-2394,-2754,590
-608,1172,-2180,-2266,-2908,628
-668,1256,-2160,-2060,-3025,660
-690,1275,-2152,-1846,-3138,663
-686,1250,-2059,-1671,-3245,667
-751,1214,-1943,-1547,-3333,674
-881,1161,-1867,-1502,-3387,683
-999,1089,-1809,-1527,-3403,681
-1227,1171,-1686,-1724,-3260,576
-1252,1392,-1670,-1690,-3133,496
-1235,1491,-1704,-1552,-3037,415
-1246,1632,-1615,-1350,-2951,337
-1311,1772,-1545,-1049,-2837,296
-1419,1746,-1519,-710,-2705,277
-1475,1620,-1495,-441,-2559,270
-1539,1442,-1463,-267,-2393,278
-1583,1293,-1417,-200,-2228,284
-1580,1218,-1387,-209,-2065,288
-1586,1202,-1327,-264,-1893,299
-1604,1159,-1293,-330,-1730,300
-1636,1143,-1294,-402,-1570,276
-1677,1190,-1287,-467,-1417,248
-1683,1269,-1296,-470,-1266,219
-1651,1381,-1267,-417,-1138,187
-1584,1690,-1261,164,-875,125
-1598,1597,-1200,385,-794,118
-1619,1432,-1135,479,-728,112
-1582,1313,-1047,253,-485,114
-1564,1370,-1072,202,-434,118
-1577,1362,-1089,155,-401,111
-1587,1349,-1052,110,-365,103
-1576,1341,-1072,62,-345,96
-1575,1403,-1075,43,-330,88
-1584,1484,-1111,61,-320,90
-1602,1516,-1140,109,-316,86
-1625,1463,-1134,156,-310,86
-1643,1419,-1103,172,-294,82
-1659,1324,-1097,152,-271,68
-1664,1266,-1096,103,-245,56
-1655,1283,-1112,41,-223,47
-1622,1326,-1147,-16,-200,38
-1603,1353,-1159,-38,-186,41
-1617,1375,-1155,-39,-171,51
-1642,1358,-1164,-30,-161,60
-1649,1411,-1163,-21,-143,69
-1643,1432,-1171,25,-124,74
-1636,1406,-1176,77,-102,70
-1615,1343,-1172,90,-47,41
-1614,1354,-1193,70,-34,36
-1615,1354,-1193,42,-28,42
-1627,1360,-1185,17,-28,47
-1626,1355,-1173,1,-29,42
-1625,1350,-1174,-13,-28,45
-1637,1353,-1200,-31,-27,43
-1628,1381,-1203,-41,-23,40
-1626,1381,-1200,-45,-25,43
-1618,1408,-1210,-25,-22,39
-1621,1417,-1219,-2,-28,33
-1630,1399,-1226,31,-18,22
-1621,1362,-1206,35,-1,-2
-1614,1357,-1204,9,5,-12
-1599,1360,-1204,-9,4,-19
-1610,1343,-1175,-28,-2,-18
-1615,1348,-1186,-41,-1,-6
-1622,1348,-1192,-54,-10,0
-1624,1313,-1177,-68,-9,12
-1641,1329,-1183,-81,-8,23
-1635,1347,-1159,-74,3,33
-1634,1340,-1154,-61,15,44
-1639,1327,-1139,-46,31,51
-1604,1292,-1112,-56,115,78
-1602,1292,-1123,-64,149,92
-1581,1311,-1118,-86,173,114
-1570,1309,-1125,-98,202,133
-1584,1245,-1090,-208,275,197
-1600,1223,-1095,-264,311,221
-1594,1250,-1112,-309,350,254
-1593,1318,-1120,-307,389,289
-1602,1347,-1117,-220,446,352
-1578,1337,-1123,-152,480,391
-1571,1304,-1088,-101,517,430
-1546,1322,-1083,-83,558,461
-1499,1351,-1117,-48,597,499
-1480,1363,-1145,-19,641,517
-1435,1434,-1171,18,679,516
-1384,1506,-1192,82,713,503
-1372,1541,-1207,158,745,492
-1385,1509,-1237,213,768,478
-1392,1428,-1194,215,794,481
-1408,1376,-1185,176,829,501
-1377,1406,-1216,118,862,532
-1360,1409,-1231,80,914,565
-1350,1426,-1275,70,963,569
-1308,1517,-1345,92,1002,553
-1239,1592,-1345,320,1054,491
-1216,1513,-1344,383,1080,483
-1188,1467,-1356,386,1099,482
-1168,1449,-1366,354,1132,492
-1136,1487,-1406,326,1156,493
-1086,1573,-1463,326,1148,478
-1061,1640,-1488,354,1121,450
-1057,1646,-1470,389,1089,431
-1072,1587,-1444,409,1061,412
-1071,1488,-1447,382,1027,404
-1049,1461,-1472,312,1000,389
-996,1489,-1512,231,978,379
-967,1533,-1546,176,954,359
-945,1594,-1564,162,951,332
-921,1620,-1596,159,896,291
-939,1614,-1628,174,869,251
-909,1549,-1607,176,792,185
-885,1533,-1592,168,765,173
-883,1543,-1621,134,710,150
-781,1552,-1648,95,619,104
-1025,1517,-1590,104,556,121
-830,1577,-1674,114,489,118
-802,1463,-1643,48,444,128
-832,1396,-1608,-163,337,108
-809,1444,-1642,-234,307,117
-813,1501,-1652,-263,283,124
-803,1555,-1681,-254,272,126
-810,1562,-1728,-149,218,82
-801,1550,-1711,-125,192,72
-788,1524,-1696,-109,181,62
-799,1558,-1698,-84,161,59
-743,1575,-1673,-55,148,56
-803,1543,-1691,-17,123,56
-816,1564,-1636,18,111,53
-816,1533,-1644,34,91,65
-868,1405,-1617,-1,84,88
-811,1373,-1592,-74,70,86
-853,1406,-1583,-163,72,97
-849,1443,-1606,-247,77,111
-838,1428,-1622,-315,69,100
-837,1416,-1613,-362,60,89
-796,1557,-1626,-382,49,69
-816,1634,-1596,-372,26,53
-753,1715,-1593,-291,1,22
-775,1755,-1623,-207,-12,12
-766,1752,-1603,-129,-34,-9
-774,1531,-1593,-91,-57,-19
-756,1495,-1616,-135,-55,-9
-747,1545,-1618,-158,-52,5
-751,1543,-1636,-172,-42,3
-753,1526,-1645,-180,-41,-4
-745,1508,-1659,-198,-30,-17
-777,1526,-1670,-216,-19,-21
-783,1528,-1658,-220,-25,-32
-794,1500,-1671,-224,-29,-43
-780,1510,-1650,-229,-39,-39
-780,1515,-1619,-239,-57,-32
-754,1509,-1577,-241,-70,-25
-742,1519,-1571,-245,-86,-21
-741,1562,-1583,-235,-98,-4
-730,1601,-1558,-214,-122,16
-756,1255,-1482,-253,-134,4
-781,1489,-1482,-190,-140,54
-753,1706,-1566,-176,-152,70
-764,1568,-1501,-159,-162,80
-809,1566,-1477,-135,-164,87
-792,1569,-1477,-129,-175,95
-796,1561,-1454,-146,-169,103
-800,1575,-1435,-154,-162,101
-789,1605,-1432,-139,-166,98
-786,1631,-1428,-86,-151,95
-776,1634,-1418,-75,-147,98
-783,1616,-1417,-73,-145,104
-789,1599,-1404,-75,-143,105
-792,1600,-1411,-125,-118,110
-803,1624,-1419,-129,-119,114
-799,1661,-1426,-116,-108,115
-815,1667,-1430,-94,-102,120
-813,1668,-1426,-67,-104,119
-818,1667,-1426,-41,-100,125
-813,1651,-1434,-19,-96,126
-829,1634,-1436,-4,-88,122
-825,1622,-1438,-4,-79,118
-829,1607,-1429,-14,-68,115
-833,1584,-1424,-35,-58,108
-841,1577,-1416,-65,-49,107
-846,1585,-1420,-97,-41,101
-976,1532,-1438,-147,-9,123
-785,1699,-1495,-345,36,124
-837,1648,-1351,-396,-5,89
-808,1712,-1438,-385,-19,17
-785,1864,-1486,-316,-44,26
-845,2015,-1453,-206,-63,38
-1022,1874,-1566,509,-135,-145
-1031,1708,-1651,624,-82,-164
-1016,1608,-1679,644,-64,-197
-943,1580,-1673,641,-45,-221
-939,1584,-1700,622,-32,-225
-931,1549,-1713,603,-38,-219
-923,1546,-1747,576,-59,-202
-951,1544,-1772,543,-90,-174
-1059,1607,-1399,468,-44,-153
-1023,1783,-1372,442,-54,-170
-983,1858,-1528,542,-32,-242
-959,1770,-1688,673,-16,-288
-952,1542,-1585,779,-13,-337
-977,1347,-1590,744,-4,-323
-980,1254,-1650,652,8,-286
-1028,1262,-1642,566,37,-253
-1077,1331,-1616,491,78,-216
-1123,1428,-1580,468,136,-193
-1156,1506,-1599,516,186,-185
-1143,1517,-1636,612,247,-187
-1140,1452,-1607,706,315,-186
-1078,1443,-1585,783,373,-176
-1038,1409,-1592,842,437,-166
-1006,1403,-1640,898,506,-153
-962,1317,-1693,951,680,-152
-917,1326,-1687,954,811,-161
-904,1340,-1712,976,848,-154
-917,1362,-1741,1001,883,-144
-925,1242,-1878,1224,1092,-102
-865,1165,-1924,1270,1177,-101
-830,1128,-1898,1264,1244,-84
-814,1097,-1891,1246,1301,-68
-844,1116,-1872,1220,1370,-54
-858,1139,-1944,1202,1424,-41
-845,1170,-1983,1218,1479,-30
-812,1205,-2027,1256,1533,-21
-748,1220,-2030,1309,1568,-14
-721,1177,-2011,1353,1607,-27
-734,1103,-2022,1376,1636,-53
-718,1062,-2021,1360,1659,-86
-680,1065,-2015,1305,1669,-107
-606,1060,-2031,1240,1668,-110
-542,1024,-2036,1192,1637,-115
-473,1033,-2058,1153,1594,-129
-401,1065,-2014,1148,1543,-136
-230,1117,-2065,1247,1410,-177
1,1,-1,1,1,-1
-86,950,-2031,1629,1107,-278
-26,912,-2053,1624,996,-294
16,853,-2062,1608,884,-319
51,755,-2052,1538,770,-347
-39,739,-2122,1456,684,-420
-113,666,-2084,1411,588,-480
0,842,-2144,1437,522,-514
-36,821,-2205,1419,453,-563
-4,791,-2311,1470,385,-614
-49,683,-2240,1491,324,-684
-67,512,-2165,1464,262,-750
6,297,-2073,1321,265,-793
-94,200,-2110,1128,205,-824
-70,117,-2118,872,182,-849
-127,123,-2140,637,173,-859
-148,147,-2158,435,173,-877
-64,196,-2160,174,147,-892
-22,219,-2159,46,89,-876
4,229,-2143,-34,27,-861
15,215,-2174,-86,-27,-846
-33,231,-2225,-126,-90,-841
-51,268,-2279,-157,-132,-812
-112,325,-2290,-145,-154,-795
-178,347,-2370,-53,-168,-719
-159,255,-2377,-68,-167,-722
-156,225,-2430,-109,-174,-719
-154,256,-2419,-156,-165,-719
-161,258,-2467,-202,-165,-714
-156,365,-2496,-170,-167,-707
19,310,-2497,-57,-203,-710
54,267,-2464,-56,-261,-689
53,225,-2427,-98,-333,-652
20,209,-2359,-160,-364,-603
-57,180,-2396,-245,-413,-561
-129,268,-2381,-369,-480,-479
-159,312,-2372,-418,-496,-437
-167,329,-2366,-474,-513,-402
-202,350,-2368,-530,-523,-389
-266,362,-2380,-592,-522,-383
-334,421,-2461,-632,-505,-402
-358,514,-2497,-622,-495,-437
-373,612,-2544,-539,-475,-472
-366,643,-2541,-407,-463,-492
-314,597,-2551,-287,-468,-501
-244,513,-2482,-205,-506,-497
-248,424,-2393,-199,-545,-478
-288,354,-2402,-387,-662,-382
-338,384,-2394,-437,-687,-330
-384,398,-2392,-457,-708,-282
-427,439,-2387,-471,-720,-229
-507,573,-2429,-421,-719,-161
-563,629,-2466,-299,-706,-153
-592,589,-2440,-212,-679,-155
-597,494,-2436,-170,-662,-159
-599,468,-2383,-176,-629,-157
-603,416,-2335,-221,-617,-144
-581,421,-2329,-268,-609,-120
-590,442,-2329,-311,-605,-102
-598,497,-2295,-352,-602,-79
-617,537,-2295,-361,-588,-60
-645,609,-2277,-332,-574,-40
-658,695,-2245,-271,-553,-26
-642,749,-2250,-185,-523,-19
-663,772,-2243,-79,-509,-23
-678,741,-2219,-4,-484,-34
-686,649,-2182,24,-468,-46
-701,628,-2154,-4,-444,-55
-694,610,-2132,-51,-430,-62
-721,629,-2138,-96,-411,-64
-728,669,-2159,-129,-394,-71
-760,775,-2083,-130,-394,-67
-752,698,-2163,-116,-347,-69
-762,557,-2142,-146,-320,-82
-755,518,-2094,-227,-284,-92
-754,518,-2122,-323,-261,-87
-824,870,-2258,-337,-245,-47
-818,875,-2283,-220,-231,-44
-850,802,-2305,-122,-223,-39
-866,708,-2275,-86,-214,-42
-841,677,-2247,-89,-207,-45
-843,687,-2268,-85,-210,-50
-836,621,-2241,-169,-216,-60
-830,700,-2228,-196,-228,-58
-826,870,-2216,-133,-250,-50
-846,915,-2251,-7,-249,-36
-861,809,-2251,85,-233,-36
-863,682,-2219,113,-227,-43
-867,590,-2179,70,-209,-40
-845,582,-2216,-14,-205,-33
-854,650,-2235,-68,-208,-18
-851,725,-2257,-79,-212,1
-740,674,-2271,-58,-233,9
-897,697,-2297,-44,-231,12
-931,718,-2284,-51,-213,64
-969,784,-2288,-11,-208,77
-962,810,-2272,43,-214,91
-975,780,-2266,85,-209,84
-959,707,-2235,107,-212,64
-967,613,-2217,74,-207,38
-969,486,-2236,-22,-188,13
-995,424,-2246,-152,-162,-3
-967,412,-2288,-305,-141,9
-957,577,-2328,-386,-134,33
-948,775,-2367,-373,-128,63
-963,851,-2389,-277,-138,88
-964,903,-2371,-147,-174,97
-980,972,-2284,22,-202,97
-957,928,-2274,172,-219,84
-972,822,-2242,265,-241,71
-983,761,-2205,297,-258,68
-990,715,-2168,277,-262,72
-992,651,-2178,217,-265,75
-1010,647,-2159,144,-276,79
-1015,636,-2149,53,-278,61
-1085,630,-2105,-17,-298,65
-1057,709,-2110,-62,-306,69
-1068,764,-2090,-66,-301,73
-1027,622,-2061,-117,-276,42
-1043,618,-2056,-190,-249,40
-1051,700,-2059,-222,-224,65
-1056,798,-2068,-205,-190,76
-1096,830,-2087,-145,-178,94
-1098,675,-2091,-35,-147,96
-1102,693,-2107,-101,-140,106
-1079,740,-2168,-127,-110,125
-509,983,-2259,-104,-172,108
-1039,863,-2228,-74,-83,151
-1041,879,-2222,-20,-62,135
-1072,861,-2206,41,-25,138
-1090,834,-2218,84,-1,125
-1083,747,-2166,79,3,92
-1088,633,-2181,20,31,66
-944,808,-2191,-54,19,9
-933,822,-2173,5,34,10
-960,788,-2150,59,24,8
-959,768,-2130,101,19,10
-962,735,-2104,121,10,18
-978,720,-2070,125,-3,36
-994,704,-2047,124,0,52
-1024,665,-2043,113,-6,68
-1024,696,-2038,70,3,120
-1042,690,-2056,55,10,130
-1039,692,-2055,38,10,135
-1031,651,-2038,-1,11,140
-1053,652,-2044,-47,19,147
-1042,694,-2046,-89,14,146
-1021,728,-2079,-100,6,144
-1030,757,-2106,-96,-2,138
-1025,776,-2130,-85,-1,137
-1023,777,-2153,-69,-7,134
-1041,777,-2146,-62,-5,130
-1050,759,-2160,-61,-1,131
-1054,749,-2145,-64,1,129
-1045,742,-2135,-76,10,117
-1035,748,-2147,-95,10,113
-1038,756,-2151,-98,13,104
-1043,785,-2169,-104,18,102
-1040,802,-2176,-91,16,98
-1054,768,-2188,-63,27,95
-1055,758,-2184,-61,43,90
-1060,729,-2163,-76,58,87
-1033,731,-2175,-90,66,81
-1024,754,-2189,-100,71,77
-1008,793,-2180,-101,71,76
-1019,772,-2155,-93,65,57
-1025,763,-2164,-97,58,50
-1030,767,-2197,-101,61,47
-1032,770,-2180,-97,65,44
-1023,763,-2169,-87,60,41
-997,758,-2140,-96,35,45
-999,754,-2140,-113,21,59
-994,755,-2135,-138,12,67
-1015,759,-2150,-155,8,74
-1024,762,-2145,-177,6,75
-1012,763,-2142,-183,14,74
-1013,785,-2145,-192,18,64
-1015,793,-2137,-187,28,63
-957,833,-2138,-175,24,63
-943,839,-2115,-160,17,67
-929,822,-2117,-160,7,69
-942,818,-2114,-164,-3,70
-945,807,-2122,-177,-11,70
-940,812,-2101,-239,-24,74
-916,841,-2112,-256,-39,79
-917,850,-2117,-264,-53,82
-926,854,-2115,-277,-80,84
-938,866,-2101,-296,-98,82
-985,867,-2120,-387,-140,81
-955,900,-2095,-413,-166,71
-957,917,-2087,-449,-194,61
-974,917,-2082,-483,-220,53
-1015,927,-2061,-519,-238,40
-1052,941,-2084,-548,-246,31
-1065,973,-2089,-555,-255,21
-1061,996,-2085,-537,-253,0
-1038,1030,-2087,-488,-271,-21
-1032,1057,-2078,-446,-286,-40
-1034,1075,-2078,-408,-303,-49
-1041,1057,-2075,-381,-315,-56
-1056,1040,-2050,-363,-332,-59
-1054,992,-2027,-364,-343,-62
-1075,963,-2030,-385,-361,-81
-1094,957,-2039,-416,-364,-79
-1105,970,-2030,-465,-364,-71
-1089,976,-2031,-501,-361,-65
-1058,973,-2016,-524,-366,-59
-1046,1018,-1998,-541,-381,-73
-1042,1049,-2007,-556,-406,-81
-1077,1053,-1985,-586,-426,-86
-1118,1050,-2000,-621,-437,-91
-1137,1041,-1982,-652,-441,-98
-1151,1115,-1943,-658,-434,-121
-1187,1150,-1958,-620,-424,-133
-1191,1161,-1927,-566,-421,-138
-1233,1167,-1919,-510,-399,-139
-1246,1163,-1944,-452,-368,-131
-1120,1174,-1895,-294,-328,-105
-1147,1155,-1890,-323,-349,-113
-1178,1136,-1872,-385,-367,-124
-1217,1153,-1863,-453,-381,-130
-1184,1184,-1779,-509,-389,-144
-1284,1217,-1717,-520,-386,-150
-1105,1340,-1784,-482,-412,-160
-1571,1114,-1863,-422,-383,-158
-1225,1153,-1798,-405,-386,-194
-1364,1158,-1749,-408,-353,-201
-1324,1199,-1768,-400,-276,-220
-1363,1123,-1850,-316,-287,-173
-1378,1165,-1770,-285,-226,-165
-1354,1176,-1759,-248,-180,-152
-1335,1191,-1765,-198,-163,-125
-1334,1192,-1789,-148,-152,-101
-1334,1143,-1723,-85,-121,-64
1,1,-1,1,1,-1
-1316,1164,-1682,-134,-65,0
-1290,1168,-1696,-135,-59,-1
-1269,1197,-1709,-136,-70,-5
-1261,1214,-1648,-133,-86,-2
-1211,1170,-1678,-137,-39,2
-1276,1257,-1622,-131,-49,21
-1311,1283,-1618,-136,-74,30
-1320,1261,-1660,-126,-85,44
-1348,1233,-1692,-103,-78,45
-1328,1247,-1633,-104,-72,41
-1283,1302,-1697,-99,-88,30
-1297,1328,-1757,-90,-108,25
-1310,1315,-1737,-66,-104,13
-1337,1284,-1675,-53,-89,-5
-1311,1262,-1726,-58,-100,-20
-1355,1266,-1758,-88,-120,-35
-1363,1259,-1744,-102,-122,-39
-1371,1272,-1697,-97,-111,-38
-1372,1271,-1709,-92,-121,-38
-1362,1260,-1685,-75,-134,-29
-1347,1239,-1685,-72,-130,-37
-1356,1226,-1676,-80,-140,-35
-1369,1200,-1672,-117,-140,-36
-1353,1263,-1676,-133,-139,-36
-1344,1298,-1678,-105,-128,-47
-1332,1306,-1660,-55,-134,-57
-1336,1224,-1612,-6,-114,-68
-1345,1144,-1602,-23,-113,-56
-1400,1127,-1547,-78,-108,-25
-1395,1216,-1572,-172,-66,80
-1377,1247,-1559,-144,-46,103
-1384,1286,-1578,-102,-19,117
-1351,1295,-1619,-72,-19,119
-1351,1299,-1611,-39,-18,121
-1320,1318,-1635,-19,-33,120
-1323,1313,-1620,5,-44,124
-1395,1358,-1637,11,-46,113
-1356,1278,-1564,22,-43,117
-1380,1254,-1593,10,-42,116
-1384,1277,-1647,-15,-46,114
-1413,1326,-1627,-28,-27,115
-1402,1320,-1653,-14,-32,107
-1420,1342,-1670,3,-40,96
-1401,1354,-1670,10,-53,81
-1396,1329,-1656,32,-58,61
-1408,1301,-1613,29,-62,48
-1375,1256,-1600,-27,-43,31
-1423,1275,-1614,-41,-31,31
-1412,1285,-1624,11,-29,35
-1407,1281,-1621,26,-22,36
-1407,1256,-1606,30,-27,47
-1401,1265,-1607,40,-23,51
-1400,1278,-1596,40,-21,52
-1441,1264,-1550,49,0,53
-1400,1237,-1603,45,-1,45
-1381,1227,-1609,35,-3,44
-1403,1237,-1600,25,-19,50
-1371,1238,-1614,8,-42,54
-1380,1272,-1605,17,-54,54
-1365,1278,-1591,25,-43,49
-1367,1268,-1598,29,-54,46
-1361,1286,-1616,20,-58,42
-1423,1304,-1566,43,-82,45
-1340,1284,-1647,66,-68,50
-1375,1260,-1621,59,-69,55
-1368,1235,-1587,36,-67,54
-1381,1209,-1584,11,-59,58
-1396,1266,-1561,17,-61,57
-1384,1283,-1607,6,-63,62
-1365,1288,-1642,17,-66,64
-1379,1285,-1642,70,-46,70
-1387,1261,-1651,82,-37,71
-1398,1239,-1644,69,-33,69
-1420,1206,-1584,49,-15,72
-1404,1239,-1618,22,-20,65
-1380,1264,-1637,14,-18,63
-1368,1280,-1606,56,-21,66
-1374,1273,-1591,59,-26,70
-1340,1241,-1573,46,-10,74
-1368,1288,-1506,32,-12,87
-1373,1407,-1594,82,-5,75
-1391,1460,-1564,137,14,61
-1393,1314,-1528,170,36,55
-1388,1202,-1620,135,41,33
-1385,1141,-1587,41,54,17
-1372,1074,-1581,-80,61,16
-1378,1166,-1622,-139,72,26
-1336,1268,-1683,-151,71,38
-1339,1311,-1718,-113,57,41
-1349,1337,-1724,-48,46,48
-1335,1324,-1718,14,29,50
-1348,1289,-1681,66,11,48
-1360,1262,-1670,86,10,57
-1350,1236,-1658,61,-8,67
-1345,1217,-1652,41,-11,58
-1359,1196,-1646,3,-10,57
-1331,1221,-1651,-33,-17,48
-1340,1255,-1658,-48,-9,43
-1317,1277,-1696,-45,-18,32
-1361,1273,-1676,4,-28,34
-1342,1235,-1653,13,-31,39
-1359,1216,-1599,11,-32,44
-1339,1234,-1651,-4,-39,45
-1330,1233,-1636,-3,-38,50
-1332,1233,-1594,-10,-37,52
-1317,1228,-1600,-17,-38,55
-1331,1228,-1617,-38,-34,60
-1353,1249,-1630,-66,-32,62
-1367,1276,-1623,-64,-21,69
-1364,1309,-1632,-31,-22,71
-1366,1318,-1623,4,-16,76
-1376,1297,-1633,34,-18,70
-1393,1267,-1615,49,-12,62
-1378,1237,-1617,43,-4,55
-1382,1217,-1601,12,-3,55
-1380,1195,-1611,-25,0,49
-1364,1227,-1612,-55,7,51
-1343,1306,-1665,-55,-5,56
-1351,1299,-1673,-26,-12,61
-1380,1291,-1687,-5,1,60
-1370,1269,-1656,-9,-27,56
-1364,1268,-1670,-13,-32,56
-1383,1284,-1641,-6,-25,53
-1339,1292,-1656,5,-35,47
-1344,1276,-1645,11,-33,40
-1332,1277,-1652,8,-36,38
-1327,1277,-1658,5,-37,35
-1336,1271,-1646,7,-42,36
-1337,1281,-1654,10,-51,41
-1341,1309,-1646,32,-59,48
-1357,1293,-1650,51,-62,50
-1368,1281,-1644,72,-66,56
-1371,1268,-1630,74,-61,56
-1375,1268,-1626,58,-57,59
-1360,1263,-1619,47,-52,56
-1337,1271,-1624,36,-47,38
-1333,1288,-1621,34,-52,27
-1331,1266,-1611,24,-51,29
