946,695,-1740,-133,44,-89
941,661,-1728,-111,29,-114
939,628,-1725,-123,17,-113
925,610,-1696,-142,18,-100
945,626,-1708,-169,18,-86
941,732,-1722,-165,16,-77
951,913,-1743,-3,0,-81
946,859,-1740,106,-12,-86
936,799,-1722,175,-6,-92
933,716,-1685,199,5,-103
937,682,-1664,190,14,-108
947,671,-1642,160,32,-118
946,635,-1622,111,44,-130
934,684,-1616,-28,66,-187
938,707,-1616,-69,68,-224
962,760,-1606,-93,63,-251
965,781,-1612,-90,60,-287
959,788,-1597,-82,60,-319
952,794,-1594,-77,55,-348
935,799,-1573,-71,57,-375
952,833,-1536,-86,91,-460
956,828,-1511,-96,95,-487
964,822,-1497,-116,105,-531
970,828,-1459,-152,122,-581
977,833,-1471,-183,140,-633
946,829,-1439,-228,158,-692
937,841,-1434,-260,183,-749
917,876,-1409,-292,214,-805
918,920,-1388,-312,245,-852
930,955,-1382,-324,276,-887
933,989,-1369,-324,315,-929
948,1035,-1375,-315,345,-966
940,1062,-1364,-279,380,-1009
936,1101,-1332,-253,411,-1067
965,1129,-1313,-211,439,-1116
991,1146,-1277,-178,468,-1163
923,1145,-1196,-148,568,-1250
915,1159,-1193,-170,628,-1272
921,1176,-1169,-191,680,-1290
950,1249,-1130,-226,773,-1310
976,1282,-1102,-226,825,-1319
836,1277,-1052,-321,985,-1328
784,1311,-1074,-379,1051,-1320
796,1376,-1065,-415,1111,-1297
828,1432,-1040,-440,1153,-1263
862,1448,-1013,-444,1189,-1216
860,1462,-1010,-449,1227,-1173
864,1467,-1013,-453,1246,-1137
851,1455,-1019,-450,1248,-1117
848,1459,-1015,-463,1234,-1100
829,1454,-1025,-482,1213,-1080
792,1448,-1001,-562,1167,-1029
750,1421,-987,-657,1139,-964
680,1423,-979,-857,1109,-847
648,1462,-1013,-999,1094,-767
647,1526,-1041,-1090,1083,-715
644,1571,-1047,-1159,1063,-666
635,1627,-1052,-1207,1037,-626
640,1715,-1059,-1229,1004,-594
595,1843,-1070,-1157,905,-493
569,1876,-1076,-1115,869,-466
569,1898,-1097,-1057,842,-446
521,1954,-1062,-758,740,-400
518,1944,-1065,-651,715,-397
522,1947,-1066,-539,681,-387
542,1959,-1050,-425,654,-379
566,1964,-1031,-305,620,-373
595,1951,-1046,-182,573,-369
616,1901,-1031,-57,517,-364
625,1870,-1026,57,452,-366
649,1820,-981,227,326,-354
669,1762,-979,308,228,-343
680,1725,-967,361,134,-332
677,1676,-947,390,42,-320
669,1633,-937,400,-53,-302
671,1609,-904,402,-149,-280
673,1564,-890,385,-250,-251
661,1530,-886,357,-352,-220
648,1500,-845,311,-448,-191
650,1486,-830,255,-542,-148
662,1504,-815,186,-637,-99
672,1524,-806,129,-730,-37
692,1562,-794,70,-810,21
743,1749,-654,-297,-1102,411
816,1861,-623,-477,-1130,610
822,1885,-626,-589,-1119,705
787,1845,-628,-688,-1091,726
751,1825,-659,-779,-1048,701
675,1853,-716,-934,-921,553
619,1934,-812,-987,-819,428
589,1979,-866,-982,-712,322
606,2152,-882,-934,-619,239
631,2241,-898,-828,-515,156
678,2313,-955,-675,-428,82
739,2370,-992,-501,-355,2
787,2382,-1032,-286,-295,-90
832,2380,-1046,-61,-260,-189
875,2356,-1081,155,-243,-305
871,2255,-1073,353,-236,-425
781,1991,-1056,541,-261,-641
698,1874,-1056,545,-272,-770
643,1785,-1064,486,-272,-851
595,1713,-1090,372,-268,-918
493,1622,-1115,224,-254,-983
237,1623,-1184,-298,-170,-1244
81,1790,-1259,-328,-92,-1429
62,1818,-1255,-251,-68,-1484
29,1855,-1251,-163,-51,-1531
-2,1873,-1238,-71,-28,-1558
-6,1887,-1249,14,-3,-1573
-24,1857,-1244,104,26,-1576
-64,1862,-1231,213,43,-1575
-68,1857,-1210,320,55,-1570
-83,1822,-1199,414,69,-1560
-120,1809,-1181,492,81,-1565
-95,1793,-1177,546,94,-1581
-121,1754,-1169,581,102,-1593
-128,1741,-1149,605,105,-1628
-158,1745,-1090,613,107,-1669
-196,1745,-1069,590,106,-1670
-202,1754,-1036,572,103,-1662
-218,1734,-1035,563,93,-1654
-227,1746,-1011,572,75,-1644
-234,1746,-1032,600,54,-1648
-236,1717,-1013,621,30,-1647
-221,1651,-985,623,-53,-1605
-213,1617,-991,595,-78,-1582
-209,1590,-958,566,-104,-1563
-218,1578,-948,529,-130,-1536
-239,1572,-930,405,-203,-1413
-281,1538,-888,323,-235,-1329
-327,1549,-848,232,-262,-1241
-375,1594,-865,122,-281,-1134
-419,1651,-865,21,-289,-1003
-443,1710,-906,-53,-301,-868
-447,1728,-926,-82,-310,-758
-468,1710,-919,-82,-318,-680
-488,1672,-909,-66,-326,-628
-547,1657,-950,-46,-328,-565
-591,1665,-975,-39,-312,-503
-643,1653,-980,-42,-294,-439
-714,1596,-996,-63,-239,-329
-776,1560,-1029,-87,-199,-259
-837,1580,-1062,-112,-165,-214
-902,1604,-1075,-129,-129,-167
-983,1643,-1091,-146,-92,-125
-1221,1805,-1136,-122,5,-79
-1265,1814,-1114,-92,25,-89
-1335,1780,-1098,-65,38,-123
-1378,1774,-1081,-68,56,-157
-1400,1770,-1055,-77,60,-181
-1426,1812,-1044,-94,69,-217
-1463,1822,-1016,-113,76,-297
-1442,1809,-997,-105,74,-339
-1438,1806,-1007,-105,78,-380
-1416,1789,-1005,-98,77,-424
-1398,1745,-991,-89,86,-516
-1390,1715,-977,-81,94,-569
-1393,1674,-974,-92,109,-620
-1397,1661,-958,-93,118,-665
-1399,1632,-945,-99,130,-711
-1395,1632,-926,-111,129,-740
-1403,1614,-917,-128,141,-770
-1420,1587,-915,-155,152,-787
-1441,1549,-900,-198,160,-802
-1446,1542,-896,-247,175,-815
-1459,1537,-900,-298,187,-815
-1527,1598,-986,-427,266,-825
-1536,1602,-1008,-453,308,-849
-1518,1606,-1033,-470,350,-878
-1487,1628,-1074,-461,381,-912
-1496,1626,-1113,-445,406,-954
-1476,1589,-1106,-423,436,-993
-1513,1558,-1145,-409,485,-1060
-1513,1501,-1140,-436,511,-1087
-1541,1469,-1161,-559,578,-1077
-1550,1495,-1161,-578,598,-1059
-1552,1502,-1185,-584,626,-1036
-1559,1487,-1196,-587,647,-1013
-1561,1457,-1186,-595,662,-982
-1559,1463,-1185,-607,694,-950
-1564,1472,-1201,-613,728,-925
-1575,1474,-1203,-602,769,-906
-1573,1460,-1234,-587,811,-896
-1591,1422,-1236,-564,855,-899
-1596,1408,-1218,-545,901,-911
-1565,1394,-1200,-498,982,-938
-1552,1362,-1177,-476,1026,-958
-1485,1323,-1103,-464,1089,-931
-1471,1307,-1075,-464,1085,-920
-1471,1274,-1056,-480,1074,-903
-1473,1223,-1015,-580,1068,-882
-1475,1225,-993,-664,1064,-865
-1513,1267,-995,-718,1054,-853
-1517,1325,-985,-755,1051,-828
-1519,1363,-966,-787,1036,-798
-1550,1377,-937,-819,1025,-767
-1582,1405,-905,-849,1008,-732
-1634,1447,-892,-885,988,-684
-1688,1571,-887,-903,923,-575
-1690,1564,-875,-862,901,-591
-1726,1514,-888,-832,877,-630
-1767,1497,-860,-812,861,-690
-1808,1482,-831,-799,843,-746
-1849,1480,-807,-803,815,-790
-1925,1515,-710,-822,762,-858
-1955,1556,-675,-822,710,-864
-2001,1566,-675,-816,659,-867
-2010,1527,-690,-724,489,-905
-2009,1492,-695,-683,437,-940
-2026,1462,-688,-638,386,-971
-2045,1431,-686,-595,346,-991
-2087,1392,-675,-564,305,-1012
-2099,1357,-654,-557,268,-1021
-2091,1328,-670,-542,238,-1023
-2062,1318,-654,-535,205,-1018
-2034,1318,-668,-508,182,-1011
-2026,1307,-682,-475,157,-1004
-2022,1299,-689,-432,126,-993
-2009,1282,-687,-375,103,-986
-1946,1203,-694,-275,76,-963
-1934,1172,-763,-216,74,-939
-1962,1112,-755,2,58,-852
-1992,1038,-700,61,45,-813
-2001,1004,-683,97,44,-770
-1974,966,-698,131,44,-714
-1983,952,-668,163,42,-660
-2000,881,-647,184,46,-603
-2016,747,-573,150,57,-510
1,1,-1,1,1,-1
-1990,787,-739,92,55,-249
-2012,785,-746,133,49,-204
-2013,784,-745,165,46,-158
-2036,755,-771,189,21,-107
-2074,766,-747,203,5,-65
-2079,766,-765,211,-5,-29
-2104,751,-773,210,-26,10
-2105,765,-807,211,-43,30
-2106,773,-812,214,-62,56
-2113,786,-801,172,-103,103
-2142,769,-838,126,-128,130
-2194,771,-909,37,-165,168
-2217,771,-931,-7,-182,204
-2256,771,-961,-47,-188,236
-2287,748,-982,-100,-176,267
-2318,1047,-1180,-223,-102,338
-2279,1097,-1182,-189,-71,338
-2265,1107,-1186,-188,-49,325
-2242,1116,-1201,-211,-28,310
-2208,1166,-1238,-227,3,284
-2085,1266,-1234,-221,139,226
-2062,1269,-1229,-214,186,197
-1993,1302,-1254,-203,224,170
-1956,1296,-1249,-176,261,149
-1901,1305,-1254,-135,295,142
-1838,1305,-1244,-72,330,135
-1794,1256,-1214,-20,359,136
-1746,1186,-1158,23,405,153
-1682,1172,-1153,13,446,174
-1634,1169,-1168,-2,467,201
-1619,1204,-1176,-16,487,225
-1575,1203,-1203,-25,489,246
-1541,1214,-1222,-54,488,259
-1510,1247,-1241,-89,491,270
-1474,1276,-1249,-115,474,276
-1446,1313,-1263,-135,458,279
-1452,1362,-1274,-132,436,281
-1430,1432,-1286,-93,405,281
-1443,1455,-1261,-35,373,272
-1466,1409,-1223,82,272,221
-1509,1341,-1190,76,234,204
-1729,1247,-1138,28,105,206
-1771,1261,-1149,31,59,217
-1856,1272,-1180,46,8,230
-1919,1303,-1169,102,-72,248
-1932,1328,-1178,155,-122,254
-1913,1334,-1200,209,-162,255
-1916,1335,-1143,264,-191,235
-1913,1302,-1107,300,-206,221
-1897,1267,-1097,298,-225,202
-1906,1222,-1073,262,-233,179
-1923,1215,-1056,236,-240,162
-1913,1214,-1105,261,-263,162
-1899,1167,-1108,310,-283,179
-1881,1115,-1125,352,-294,204
-1898,1091,-1157,377,-311,236
-1901,1044,-1162,379,-320,264
-1898,1022,-1151,361,-339,289
-1924,1017,-1145,315,-348,309
-1961,1042,-1132,290,-357,328
-1964,1064,-1096,268,-367,327
-1937,1121,-1114,290,-394,314
-1958,1013,-1041,410,-502,285
-1970,972,-1000,410,-518,294
-1971,951,-960,385,-534,300
-1961,932,-959,361,-532,316
-1953,945,-965,335,-535,331
-1912,966,-949,296,-525,345
-1895,964,-973,269,-524,359
-1909,945,-956,249,-526,365
-1933,947,-906,234,-515,377
-1930,941,-910,210,-505,398
-1947,928,-934,180,-498,419
-1940,941,-953,146,-486,438
-1921,980,-961,123,-475,462
-1908,985,-960,97,-460,476
-1901,983,-977,72,-444,475
-1874,1013,-931,28,-425,493
-1828,1082,-953,21,-436,513
-1741,1123,-925,105,-496,562
-1656,1084,-861,150,-556,604
-1561,1015,-808,118,-621,667
-1451,945,-741,21,-682,761
-869,1004,-774,-422,-893,1411
-657,1015,-799,-489,-999,1683
-258,1043,-751,-783,-1357,2559
-164,975,-727,-996,-1545,2959
-85,864,-686,-1246,-1709,3277
27,762,-595,-1602,-1864,3549
115,745,-507,-2036,-2025,3794
195,775,-439,-2509,-2194,4014
307,808,-282,-2994,-2374,4214
334,884,-148,-3452,-2561,4417
467,1093,-41,-3848,-2783,4614
340,1347,371,-4352,-3244,4958
190,1529,631,-4633,-3534,5136
6,1809,985,-4850,-4056,5318
-110,1812,1280,-4991,-4408,5460
-341,1788,1687,-5158,-4705,5695
-929,1944,2334,-5320,-5049,6017
-2016,1916,3454,-5463,-5369,6263
-3725,1552,4642,-5688,-5598,6455
-6286,711,5686,-6362,-5603,6382
-9211,176,6349,-7339,-5189,5932
-16607,4334,7542,-2213,2199,3891
-14995,2810,10403,362,5079,4276
-12667,576,13912,2157,7967,4796
-10570,-1283,17391,3450,10688,5089
-3706,-3071,26198,4802,15829,2803
3636,-3004,30798,4579,17044,1446
-32768,-11379,2573,-3217,7052,913
-32768,5119,-701,-1667,2074,-2897
18070,-16444,2090,-3395,1523,-3603
565,-8590,432,-6657,979,-1254
20,8145,4801,-5363,1721,-778
-2401,9726,4638,145,2768,-227
-1122,4226,3421,2732,3439,342
-1575,2855,2539,2041,3613,166
-1597,3611,1480,-80,3838,53
-879,4688,524,-296,3580,-90
75,5091,389,95,3047,-94
256,5442,274,932,2386,-172
-55,5125,230,1968,1811,-418
-142,4601,186,2872,1356,-735
-234,4062,419,3592,954,-1029
-846,2092,1781,4079,655,-1696
-1000,2074,1977,3982,766,-1767
-950,2243,2072,4121,880,-1842
-904,2204,2051,4346,882,-1879
-862,2087,2028,4523,856,-1917
-847,2015,1929,4658,823,-1919
-824,1830,1852,4704,808,-1916
-973,1239,1468,4260,756,-1748
-1000,1121,1285,4006,745,-1662
-1020,1011,1170,3766,704,-1572
-1062,882,1084,3513,653,-1469
-1161,824,974,3276,611,-1377
-1203,864,919,3091,585,-1305
-1409,817,717,2832,503,-1159
-1575,799,629,2705,481,-1106
-1592,780,532,2626,462,-1069
-1602,765,512,2589,452,-1036
-1627,667,422,2540,423,-960
-1631,625,338,2502,400,-894
-1691,527,282,2440,406,-808
-1711,480,181,2375,404,-747
-1799,283,-66,2040,364,-575
-1843,229,-143,1907,344,-508
-1870,176,-231,1764,323,-443
-1878,149,-357,1648,317,-381
-1868,203,-523,1563,312,-318
-1855,267,-630,1528,294,-252
-1880,307,-704,1536,241,-164
-1903,324,-705,1554,183,-69
-1881,249,-770,1553,66,105
-1901,96,-994,1347,-121,269
-2012,78,-977,1194,-193,324
-2070,124,-935,1049,-253,409
-2075,210,-890,955,-304,503
-2052,209,-942,893,-336,578
-2042,212,-1017,838,-357,622
-2105,247,-1109,725,-394,606
-2196,268,-1080,637,-403,549
-2240,296,-1066,549,-402,485
-2251,329,-1068,472,-387,419
-2235,402,-1067,414,-379,355
-2219,513,-1077,373,-358,285
-2245,525,-968,339,-280,-39
-2190,523,-918,265,-249,-157
-2215,521,-842,174,-243,-230
-2276,607,-755,71,-247,-279
-2341,716,-652,-10,-266,-290
-2350,791,-558,-93,-277,-278
-2337,808,-548,-212,-274,-262
-2286,930,-659,-493,-201,-237
-2229,1147,-749,-647,-114,-215
-2122,1368,-858,-688,-18,-183
-2041,1584,-976,-594,71,-134
-1742,1615,-1305,107,123,54
-1778,1428,-1265,290,83,124
-2073,1182,-1039,449,-37,252
-2202,1078,-857,495,-123,306
-2213,1014,-796,496,-179,324
-2196,1003,-795,471,-224,311
-2156,1010,-781,449,-239,273
-2142,1018,-773,456,-251,208
-2158,978,-789,484,-258,149
-2223,853,-722,511,-286,58
1,1,-1,1,1,-1
-2347,716,-880,249,-228,58
-2360,746,-924,251,-195,66
-2325,748,-953,271,-166,80
-2270,727,-963,279,-126,86
-2228,720,-962,266,-96,89
-2191,747,-935,250,-71,94
-2197,797,-895,186,-45,99
-2214,856,-867,158,-44,92
-2192,901,-880,155,-35,70
-2163,894,-922,154,-18,44
-2128,907,-957,158,-3,33
-2119,922,-982,167,17,11
-2083,909,-1017,186,33,-4
-2105,732,-972,181,50,-50
-2107,669,-961,127,52,-58
-2123,631,-947,75,54,-62
-2121,604,-942,14,58,-62
-2170,590,-934,-60,60,-62
-2191,611,-933,-148,73,-56
-2233,694,-923,-245,89,-59
1,1,-1,1,1,-1
-2142,816,-984,-289,108,-157
-2140,791,-983,-295,104,-184
-2121,778,-964,-322,96,-193
-2134,787,-942,-366,92,-202
-2131,807,-917,-399,81,-207
-2124,865,-905,-424,74,-202
-2114,896,-900,-412,56,-186
-2087,858,-900,-394,46,-167
-2081,800,-906,-402,46,-157
-2083,762,-902,-423,55,-145
-2105,775,-867,-452,71,-133
-2159,783,-857,-484,98,-114
-2191,813,-831,-517,120,-96
-2209,842,-851,-534,146,-84
-2186,835,-863,-535,173,-67
1,1,-1,1,1,-1
-2279,901,-799,-565,245,-56
-2299,914,-812,-579,260,-54
-2311,928,-810,-595,276,-46
-2309,943,-791,-618,293,-48
-2247,1098,-827,-493,321,-51
-2232,1089,-810,-425,323,-45
-2239,1054,-803,-379,323,-35
-2232,1016,-783,-354,329,-29
-2211,986,-711,-358,348,-37
-2199,1051,-748,-374,375,-52
-2166,1115,-747,-367,397,-75
-2139,1173,-746,-341,404,-99
-2107,1192,-725,-307,413,-128
-2043,1209,-737,-268,418,-154
-1980,1195,-725,-235,410,-171
-1861,1180,-820,-223,352,-182
-1791,1154,-870,-246,294,-175
-1738,1174,-926,-275,225,-155
-1678,1164,-974,-296,144,-132
-1662,1168,-1019,-314,57,-98
-1687,1222,-1010,-324,-26,-60
-1738,1372,-979,-270,-130,28
-1776,1420,-992,-167,-177,81
-1880,1405,-946,63,-233,202
-1942,1367,-919,140,-251,242
-1970,1251,-873,333,-296,352
-1959,1241,-845,389,-299,390
-1950,1211,-808,434,-308,419
-1953,1181,-775,472,-322,459
-1962,1145,-736,511,-333,503
-1950,1131,-713,537,-352,552
-1929,1109,-694,565,-371,601
-1893,1069,-690,576,-416,687
-1848,1071,-682,567,-447,730
-1814,1082,-681,561,-481,774
-1774,1093,-647,571,-521,811
-1712,1080,-645,568,-558,855
-1630,1103,-632,570,-612,908
-1520,1118,-634,598,-674,977
-1340,1101,-666,677,-824,1174
-1169,987,-704,712,-960,1342
-1077,921,-719,702,-1072,1495
-909,844,-683,627,-1313,1821
-789,764,-692,540,-1494,2063
-719,663,-676,388,-1641,2274
-595,585,-681,183,-1788,2496
-161,723,-333,-1150,-2968,4065
-142,719,-155,-1528,-3255,4458
-64,727,-24,-1896,-3497,4815
-44,779,114,-2309,-3750,5172
5,870,389,-2733,-4011,5513
11,977,699,-3188,-4292,5834
-163,1122,1438,-4151,-4819,6362
-324,924,1964,-5016,-5146,6669
-749,780,2591,-5949,-5471,7028
-1261,1022,3418,-7002,-5773,7311
-2167,1067,4124,-7979,-6084,7464
-3938,1546,5027,-8512,-6359,7381
-9243,3898,5540,-7258,-5834,6688
-14435,5516,4311,-4613,-4155,5814
-17858,4939,4057,-2109,-1767,5209
-17809,3833,5995,-476,831,4919
-16583,2613,10779,554,3657,4953
-13719,1620,13905,1373,6748,5075
-11028,845,15116,2631,9355,4909
-8592,-672,22238,5986,12929,4042
-6003,-2533,24727,6209,14744,2500
-32768,7359,-391,1869,543,-2304
12804,-12155,4188,-2344,1803,-3338
-2697,10505,4428,-967,1948,-1397
-2615,5391,2048,2353,2150,-2226
-1131,2994,2902,2021,2063,-2712
-1020,2351,3314,740,2262,-2918
-326,3601,1453,-597,2437,-2634
75,4361,1025,-422,2390,-2328
286,4768,1159,461,2258,-2056
380,4460,1228,1369,2153,-1820
77,3785,1276,2042,2081,-1624
-200,3237,1337,2478,2082,-1477
-401,2911,1326,2763,2127,-1364
-456,2759,1336,3030,2166,-1305
-478,2604,1318,3327,2162,-1263
-493,2513,1289,3647,2088,-1223
-572,2527,1292,4003,1990,-1234
-649,2417,1362,4361,1873,-1262
-716,2280,1411,4639,1753,-1311
-789,2086,1530,4780,1656,-1348
-815,1768,1533,4770,1579,-1362
-1033,1058,861,3629,1392,-1408
-1079,994,680,3273,1306,-1414
-1163,951,603,2995,1243,-1399
-1216,878,531,2746,1195,-1347
-1447,865,288,2169,1103,-1076
-1468,944,85,2104,1072,-959
-1476,1035,-36,2121,1031,-884
-1454,1078,-62,2186,988,-814
-1444,1068,-77,2289,909,-741
-1521,1018,-65,2395,811,-663
-1637,934,-62,2484,702,-580
-1764,841,-45,2550,625,-496
-1798,744,-107,2597,574,-402
-1790,695,-224,2648,534,-308
-1755,656,-317,2720,495,-215
-1772,571,-377,2774,452,-131
-1869,455,-387,2808,403,-51
-1911,331,-347,2787,357,7
-1948,143,-344,2627,259,108
-1971,62,-429,2469,187,156
-1902,-14,-729,1893,-59,281
-1902,13,-831,1771,-175,333
-1826,67,-918,1697,-290,385
-1756,107,-1000,1648,-405,435
-1758,139,-1025,1595,-515,480
-1781,164,-1017,1517,-605,513
-1844,170,-964,1400,-662,533
-2002,200,-910,1257,-703,542
-2177,385,-839,909,-669,482
-2155,453,-885,831,-620,432
-2168,469,-971,774,-575,378
-2192,493,-1029,715,-524,317
-2172,510,-1062,640,-495,256
-2226,525,-1053,569,-483,210
-2261,529,-1049,491,-470,166
-2257,573,-1054,420,-475,139
-2209,670,-1136,360,-467,111
-2195,679,-1223,359,-447,96
-2217,695,-1221,363,-430,81
-2202,703,-1150,350,-412,76
-2230,747,-1083,322,-390,84
-1907,820,-1179,235,-278,41
-1867,739,-1227,236,-249,-49
-1979,721,-1107,193,-257,-101
-2059,827,-893,149,-291,-111
-2144,877,-732,125,-326,-88
-2238,871,-626,117,-344,-75
-2320,849,-581,56,-343,-78
-2289,880,-609,-72,-324,-94
-2230,960,-651,-224,-289,-118
-2120,1081,-702,-365,-243,-154
-1779,1542,-1200,-444,-217,-159
-1795,1633,-1357,-267,-256,-130
-1939,1597,-1332,150,-288,-18
-2058,1491,-1235,368,-265,86
-2137,1392,-1109,487,-233,180
-2156,1296,-1031,532,-202,255
-2105,1225,-1009,529,-175,301
-2061,1166,-1021,502,-166,316
-2007,1122,-1066,478,-165,310
-2009,1086,-1068,469,-185,293
-2030,1082,-1057,495,-214,272
-2077,868,-1010,610,-303,256
-2119,778,-991,599,-308,239
-2145,659,-1000,582,-297,210
-2191,565,-1000,526,-287,179
-2216,519,-972,469,-271,155
-2244,511,-954,412,-251,140
-2279,549,-945,356,-221,125
-2302,588,-919,317,-200,106
-2322,658,-950,266,-158,73
-2273,681,-976,243,-147,27
-2208,661,-976,212,-153,-17
-2169,668,-1010,174,-149,-54
-2154,685,-1003,113,-111,-97
-2191,682,-1003,84,-84,-99
-2218,679,-1000,52,-61,-91
-2224,677,-999,13,-39,-85
-2179,674,-1032,-49,-17,-86
-2143,675,-1075,-113,-3,-94
-2119,724,-1102,-173,13,-106
-2124,771,-1102,-210,25,-116
-2131,807,-1089,-220,34,-118
-2157,911,-1076,-240,63,-112
-2144,983,-1096,-236,75,-116
-2130,1002,-1085,-213,68,-110
-2118,1003,-1066,-209,57,-105
-2067,959,-1094,-202,54,-107
-2053,938,-1117,-194,53,-106
-2058,941,-1121,-184,54,-99
-2037,941,-1089,-175,54,-77
-2035,932,-1063,-167,52,-49
-2038,893,-1037,-178,43,-12
-2062,871,-1003,-208,37,23
-2091,870,-979,-241,33,55
-2119,865,-933,-259,39,80
-2148,849,-927,-286,50,91
-2151,823,-919,-307,75,100
-2176,875,-830,-384,161,104
-2152,912,-804,-409,191,91
-2124,920,-832,-423,210,76
-2109,909,-867,-445,217,50
-2080,917,-881,-471,218,27
-2063,925,-895,-489,218,-1
-2168,906,-848,-526,281,-72
-2196,891,-843,-556,296,-87
-2190,887,-870,-586,306,-99
-2179,903,-910,-618,315,-109
-2159,935,-916,-642,313,-114
-2153,963,-939,-644,315,-110
-2143,1001,-958,-643,310,-105
-2156,1020,-951,-636,312,-94
-2187,1053,-967,-635,313,-69
-2158,1097,-971,-616,329,-52
-2128,1131,-988,-582,349,-42
-2094,1165,-965,-530,357,-30
-2107,1145,-954,-482,370,-25
-2135,1103,-925,-450,366,-36
-2111,1085,-893,-448,370,-48
-2089,1081,-919,-452,365,-59
-2048,1107,-941,-458,354,-69
-1922,1139,-1008,-341,275,-74
-1899,1115,-993,-301,228,-70
-1907,1074,-980,-304,193,-59
-1889,1065,-959,-335,144,-36
1,1,-1,1,1,-1
-1739,1251,-1029,-277,-35,66
-1745,1252,-1035,-237,-70,86
-1787,1250,-1014,-201,-104,104
-1844,1264,-971,-160,-134,122
-1872,1258,-952,-122,-157,151
-1936,1263,-959,-69,-171,174
-1936,1261,-957,-13,-188,199
-1939,1243,-956,50,-201,218
-1937,1232,-951,98,-213,230
-1950,1183,-922,122,-226,244
-1972,1141,-874,124,-236,251
-2012,1145,-846,109,-246,259
-2036,1142,-819,102,-259,269
-2046,1146,-822,116,-274,278
-2037,1146,-843,153,-286,299
-2020,1109,-876,162,-301,316
-2026,1107,-868,152,-311,331
-2019,1104,-869,138,-324,346
-2010,1193,-871,108,-367,354
-1978,1220,-887,144,-381,355
-1990,1154,-862,247,-413,348
-1996,1104,-864,232,-411,356
-1982,1081,-860,214,-404,372
-1974,1065,-848,184,-406,390
-1959,1086,-841,149,-399,414
-1913,1082,-844,116,-401,436
-1882,1085,-859,93,-402,463
-1808,1089,-857,96,-417,490
-1709,1098,-852,84,-437,530
-1618,1081,-858,83,-466,582
-1514,1060,-863,55,-509,650
-1318,1092,-861,21,-609,817
-1215,1102,-842,29,-706,974
-1090,1097,-850,26,-800,1132
-953,1081,-826,1,-906,1307
-822,1093,-828,-43,-1010,1522
-658,1133,-832,-98,-1118,1769
-521,1166,-824,-153,-1241,2046
-448,1192,-820,-203,-1389,2324
-317,1197,-778,-231,-1523,2603
-217,1202,-764,-278,-1663,2895
423,1010,133,-2058,-3487,5674
325,790,574,-2494,-3811,6048
219,586,1041,-3116,-4088,6419
-11,360,1426,-3922,-4372,6728
-284,-48,1890,-4943,-4678,7036
-839,-604,2631,-6216,-5108,7344
-3911,-1927,5208,-9434,-5939,7716
-7353,-1329,6883,-11828,-5821,7374
-13868,2738,5843,-10947,-4093,5662
-16521,8219,4769,-6473,-1749,5061
-16643,8190,5283,-1812,891,4966
-16180,4544,7991,1697,3749,5123
-14265,491,13010,2771,6755,5558
-11477,-1235,16673,2210,9731,5937
-9178,-120,18073,2729,12020,6054
-7912,1848,19462,4894,13517,5655
-6533,2112,22047,7264,14481,4535
-136,1501,26414,8463,15606,3087
-32768,-20341,1680,-1016,6408,1083
19792,-14194,12666,-555,1404,-1831
2166,-5528,-2504,-860,1138,-1166
-4065,4847,4435,647,3958,-2600
-2780,5078,3676,1559,4282,-2933
-1334,4446,3355,2048,4531,-3161
834,3008,1814,2164,3800,-3174
885,2266,1422,1801,3249,-3016
700,1804,1022,1391,2760,-2857
494,1742,746,1120,2399,-2752
146,1806,513,1024,2134,-2629
-144,1953,457,1139,1998,-2475
-257,2138,419,1460,1934,-2284
-361,2178,351,1854,1891,-2109
-554,2153,518,2632,1831,-1819
-700,2014,660,3045,1757,-1674
-728,1843,798,3291,1682,-1593
-750,1681,844,3428,1596,-1522
-781,1530,834,3487,1521,-1477
-779,1392,819,3491,1434,-1413
-1004,1040,725,3322,1334,-1275
-1055,880,604,3150,1293,-1168
-1158,764,508,2989,1236,-1091
-1266,685,391,2827,1186,-1032
-1638,639,193,2434,945,-848
-1749,568,125,2391,876,-810
-1823,526,30,2353,808,-754
-1889,507,-50,2342,736,-696
-1926,538,-98,2336,667,-623
-2044,494,-122,2346,489,-413
-2073,476,-136,2331,429,-350
-2031,464,-166,2298,378,-302
-2014,492,-209,2268,335,-248
-1973,502,-235,2245,293,-202
-1992,481,-230,2204,245,-156
-2038,437,-264,2138,190,-105
-2057,386,-256,2036,135,-60
-2072,358,-248,1795,56,49
-2032,409,-300,1632,22,137
-2002,506,-423,1500,-7,224
-1959,571,-522,1427,-26,291
-1957,634,-608,1399,-59,342
-1964,665,-647,1408,-102,387
-1913,677,-675,1427,-144,424
-1881,664,-701,1419,-195,469
-1853,718,-875,1293,-419,579
-1914,721,-831,1258,-474,579
-2035,685,-799,1231,-511,576
-2116,667,-719,1189,-532,567
-2131,648,-706,1151,-530,563
-2121,657,-735,1116,-514,557
-2104,651,-772,1094,-485,561
-2132,630,-803,1064,-470,553
-2279,543,-833,902,-463,527
-2314,555,-886,778,-474,501
-2285,617,-932,732,-479,479
-2310,638,-952,710,-486,470
-2381,668,-924,693,-473,450
-2422,661,-926,675,-454,419
-2468,642,-903,646,-418,380
-2481,631,-892,603,-364,326
-2447,644,-929,524,-262,240
-2414,705,-976,485,-192,199
-2403,753,-1011,489,-151,186
-2392,813,-1033,508,-120,180
-2354,845,-1014,546,-105,175
-2161,612,-1015,487,-11,-45
-2142,639,-890,362,-20,-98
-2137,696,-726,248,-50,-101
-2163,763,-668,151,-67,-83
-2156,791,-676,52,-68,-63
-2123,840,-729,-40,-51,-41
-2002,1050,-846,-154,-2,12
-1949,1223,-947,-134,18,46
-1907,1314,-1054,-48,13,79
-1916,1369,-1139,81,0,105
-1885,1312,-1160,356,-53,197
-1907,1283,-1137,428,-69,231
-1931,1216,-1135,497,-83,247
-2005,1118,-1132,563,-98,246
-2056,1026,-1103,618,-118,236
-2106,919,-1060,661,-134,214
-2105,820,-988,679,-144,190
-2140,726,-975,660,-144,167
-2138,672,-969,617,-141,149
-2163,634,-989,545,-147,107
-2171,613,-984,521,-154,80
-2150,523,-1004,351,-204,39
-2109,528,-1023,257,-213,30
-2084,588,-1040,165,-211,15
-2080,709,-1094,93,-197,-14
-2087,740,-1140,92,-193,-44
-2093,754,-1144,102,-183,-62
-2071,757,-1155,118,-174,-85
-2072,754,-1154,123,-171,-97
-2074,760,-1128,118,-172,-95
-2136,784,-1094,114,-184,-78
-2183,826,-1044,114,-198,-61
-2221,819,-1002,97,-229,-32
1,1,-1,1,1,-1
-2179,956,-1041,53,-235,-16
-2185,981,-1026,74,-224,-7
-2182,966,-1011,99,-215,4
-2194,955,-974,112,-204,24
-2235,931,-930,106,-187,35
-2221,926,-915,108,-164,62
-2201,930,-904,116,-149,78
-2123,960,-911,161,-120,110
-2146,775,-757,225,-129,252
-2159,732,-731,158,-133,297
-2158,747,-750,100,-136,335
-2159,794,-789,61,-139,367
-2156,843,-819,42,-135,390
-2161,867,-857,22,-130,398
-2194,862,-878,11,-127,382
-2204,844,-885,-15,-113,352
-2186,875,-952,-62,-67,267
-2151,921,-981,-54,-46,203
-2136,969,-1000,-26,-45,173
-2152,965,-993,13,-42,149
-2163,939,-959,38,-53,141
-2177,911,-934,38,-60,143
-2177,891,-909,13,-68,154
-2118,967,-918,-63,-58,159
-2097,988,-912,-65,-43,144
-2080,959,-904,-76,-26,107
-2054,912,-888,-165,-4,42
-1980,951,-907,-232,7,35
-2134,847,-1045,-173,-33,148
-2255,766,-976,-194,-6,199
-2300,731,-934,-246,33,245
-2331,769,-906,-303,74,274
-2311,835,-895,-336,117,290
-2287,921,-889,-358,156,285
-2253,1004,-874,-345,176,268
-2191,1086,-852,-328,192,238
-2118,1137,-842,-294,187,207
-2053,1186,-841,-260,177,173
-1989,1180,-833,-222,160,143
-1975,1141,-829,-208,146,112
-2002,1047,-802,-231,118,69
-2015,1007,-771,-273,112,59
-2009,1009,-817,-315,112,53
-2014,1042,-842,-335,105,57
-1997,1088,-851,-322,91,77
-1979,1097,-846,-313,82,108
-1891,1156,-873,-312,66,169
-1851,1228,-912,-304,59,182
-1827,1305,-897,-270,44,192
-1896,1284,-848,-166,-52,193
-1917,1256,-849,-167,-91,190
-1888,1272,-872,-167,-114,180
-1902,1273,-922,-145,-135,170
-1899,1276,-949,-116,-150,164
-1952,1250,-936,-75,-160,176
-2008,1215,-879,-26,-162,199
-2093,1113,-840,-2,-157,232
-2236,1017,-800,-9,-150,259
-2308,942,-754,-56,-121,272
-2362,936,-766,-117,-72,273
-2367,951,-798,-164,-6,249
-2297,1052,-855,-232,114,166
-2180,1135,-870,-240,180,101
-2086,1168,-849,-228,225,46
-1981,1228,-806,-213,252,-1
-1871,1248,-795,-191,257,-16
-1788,1274,-761,-163,244,-19
-1720,1261,-703,-141,213,-13
-1671,1223,-705,-138,175,11
-1654,1159,-642,-235,23,106
-1613,1355,-733,-238,-211,282
-1571,1361,-752,-206,-280,326
-1533,1364,-762,-183,-329,369
-1446,1375,-781,-161,-376,428
-1346,1414,-794,-136,-437,505
-1174,1465,-838,-93,-505,617
-996,1455,-890,-44,-601,757
-843,1427,-938,16,-724,928
-477,1395,-862,136,-1008,1308
-279,1361,-847,180,-1247,1628
-160,1318,-862,166,-1472,1947
-68,1272,-851,128,-1698,2275
73,1243,-840,76,-1948,2609
134,1241,-766,8,-2194,2941
199,1218,-730,-76,-2442,3267
169,1176,-596,-206,-2680,3591
96,1130,-503,-381,-2897,3897
13,1046,-373,-620,-3092,4208
-24,977,-308,-921,-3276,4529
-23,1013,-31,-1614,-3668,5176
-30,1120,266,-2088,-4011,5626
-525,128,2080,-4598,-5141,7020
1,1,-1,1,1,-1
-5902,-1855,6611,-10882,-6156,8214
-8594,178,6806,-11018,-5746,7747
-11547,3587,5066,-8859,-4833,7053
-13808,6283,3872,-5010,-3315,6771
-15462,6046,4540,-1102,-1198,6785
-15687,3010,7946,1256,1489,6934
-14523,1029,11694,1671,4683,7099
-12261,602,14210,1804,7675,6974
-10273,1915,16748,3278,10220,6406
-9649,2068,19770,5634,12224,5325
-5553,-340,25657,7465,14389,2224
-851,228,27565,6383,14434,-253
-32768,-9190,-20936,5358,4308,259
-32768,-11851,-14099,-503,3909,-1781
25067,-11113,2863,-243,1219,-2976
4281,-8005,-1300,-1533,286,-1515
-6504,-4922,3544,-3985,383,-798
-4615,8511,6922,-3211,3810,-2723
-3240,8041,2876,874,4322,-3364
259,1845,2095,2800,3295,-3850
611,1694,2120,1818,2911,-3438
747,1445,1736,1024,2556,-3044
305,1398,1461,491,2314,-2786
-378,2172,738,262,2224,-2104
-475,2547,583,827,2224,-1811
-583,2719,606,1591,2242,-1574
-578,2777,816,2452,2253,-1390
-580,2633,1041,3260,2238,-1258
-627,2376,1279,3907,2209,-1160
-672,2059,1450,4364,2159,-1098
-786,1504,1368,4730,2032,-1014
-847,1121,1286,4736,1931,-970
-985,843,1159,4570,1895,-939
-1089,682,1004,4334,1862,-927
-1094,449,829,3814,1828,-917
-1203,402,646,3456,1756,-915
-1267,387,576,3189,1677,-918
-1339,370,521,2965,1576,-908
-1460,326,421,2764,1451,-878
-1549,330,378,2586,1339,-846
-1594,441,-15,2146,999,-625
-1578,493,-129,2121,883,-541
-1612,463,-153,2131,768,-452
-1655,430,-158,2137,667,-372
-1742,364,-172,2128,563,-295
-1857,292,-234,2079,480,-212
-1924,220,-511,1813,354,72
-1867,324,-659,1770,305,190
-1765,468,-876,1867,201,323
-1713,467,-1044,2005,59,446
-1625,457,-1176,2123,-124,558
-1892,306,-903,2147,-411,760
-2112,210,-532,1982,-497,892
-2285,195,-381,1758,-527,966
-2396,218,-308,1522,-518,994
-2459,253,-254,1285,-486,979
-2511,325,-306,1074,-416,934
-2526,456,-400,921,-331,870
-2493,599,-572,856,-254,801
-2431,718,-763,892,-203,735
-2360,810,-1021,1110,-192,618
1,1,-1,1,1,-1
-2425,343,-1008,1053,-462,561
-2431,391,-979,950,-448,563
-2420,451,-950,876,-416,552
-2441,538,-890,832,-362,525
-2389,575,-881,799,-309,480
-2343,644,-915,772,-272,425
-2178,707,-982,763,-245,349
-2019,718,-1088,856,-289,327
-2010,661,-1066,856,-294,325
-2035,618,-1038,828,-293,331
-2020,607,-1049,774,-277,313
-1875,565,-1141,723,-233,250
-1888,428,-1221,683,-187,134
-1946,232,-1138,525,-123,-140
-2044,342,-896,352,-112,-241
-2115,468,-718,228,-127,-253
-2200,544,-628,149,-149,-234
-2204,500,-653,67,-165,-203
-2245,460,-739,-47,-169,-197
-2255,534,-825,-179,-171,-191
-2257,1257,-930,-279,-140,-102
-2167,1339,-957,-248,-109,-89
-2071,1435,-1068,-216,-72,-87
-1997,1509,-1160,-164,-30,-87
-1981,1562,-1252,69,19,-70
-2068,1467,-1214,262,19,-29
-2125,1349,-1148,391,6,17
-2164,1191,-1095,460,-7,71
-2167,1080,-1111,477,-19,120
-2111,1039,-1131,450,-52,162
-2031,1044,-1173,443,-99,184
-2011,996,-1143,598,-245,186
-2042,934,-1062,637,-275,176
-2072,860,-970,645,-289,180
-2085,789,-945,617,-283,189
-2083,757,-962,569,-274,197
-2099,742,-989,520,-255,193
-2086,752,-1051,466,-244,161
-2079,778,-1107,485,-235,132
-2059,762,-1139,528,-231,98
-2021,703,-1159,567,-237,63
-2048,438,-1066,399,-230,39
-2092,435,-1051,295,-226,47
-2120,449,-1088,204,-229,44
-2146,506,-1144,128,-232,40
-2139,583,-1201,80,-237,24
-2138,745,-1262,98,-252,6
-2182,813,-1226,143,-249,-2
-2200,829,-1156,174,-243,-13
-2252,812,-1095,188,-235,-26
-2284,794,-1057,170,-209,-46
-2301,773,-1006,124,-187,-60
-2293,787,-1011,66,-163,-69
-2220,857,-1030,3,-147,-53
1,1,-1,1,1,-1
-2147,958,-932,98,-124,83
-2179,938,-878,143,-111,144
-2187,890,-858,171,-96,196
-2179,836,-880,189,-80,235
-2188,773,-898,155,-48,275
-2206,768,-878,113,-30,287
-2200,806,-891,75,-28,291
-2170,925,-959,16,-42,232
-2179,939,-985,33,-47,187
-2149,955,-991,46,-46,142
-2132,963,-1012,57,-53,115
-2099,977,-989,72,-56,98
-2059,977,-997,72,-56,89
-2014,980,-1010,77,-64,95
-2020,993,-1026,87,-77,106
-2023,1003,-1029,105,-85,117
-2044,956,-1021,149,-101,145
-2053,925,-1002,154,-113,162
-2064,920,-1009,133,-114,180
-2064,941,-998,111,-113,203
-2093,966,-1004,86,-103,215
-2085,986,-990,85,-94,208
-2072,950,-1003,87,-95,183
-1989,875,-1218,-38,-79,124
-2053,848,-1241,10,-72,146
-2148,737,-1205,50,-46,174
-2271,614,-1128,41,0,218
-2393,522,-1015,-19,60,259
-2252,828,-943,-343,189,247
-2119,977,-975,-363,178,187
-2050,1064,-941,-352,164,123
-2002,1129,-887,-325,157,73
-1999,1137,-845,-277,147,27
-1990,1111,-800,-241,141,-9
-1963,1055,-815,-237,133,-36
-1958,1027,-853,-260,117,-54
-1955,987,-903,-343,93,-54
-1983,983,-939,-409,85,-32
-2000,1018,-948,-461,90,0
-1995,1115,-1002,-490,98,45
-1977,1205,-1024,-471,102,98
-1869,1344,-1106,-358,119,167
-1842,1337,-1163,-259,123,199
-1889,1247,-1182,-190,128,201
-1951,1172,-1174,-161,129,205
-1982,1106,-1107,-141,125,221
-2014,1128,-1075,-73,69,307
-2023,1097,-1069,-33,30,334
-2001,1077,-1041,-11,-8,359
-2053,994,-882,62,-141,431
-2072,963,-835,55,-154,449
-2094,951,-806,5,-148,448
-2092,934,-805,-51,-128,433
-2060,949,-830,-107,-98,401
-2005,957,-855,-157,-69,361
-1949,1022,-854,-203,-44,338
-1852,1128,-855,-231,-29,338
-1750,1205,-826,-235,-30,369
-1468,1232,-792,-197,-65,570
-1272,1211,-812,-195,-147,735
-1135,1215,-785,-207,-244,858
-856,1231,-823,-222,-464,1104
-699,1259,-833,-223,-635,1294
-400,1275,-920,-242,-981,1608
-170,1354,-965,-212,-1276,1878
-23,1422,-915,-38,-1761,2315
112,1377,-859,125,-2104,2638
272,1332,-677,186,-2649,3204
475,889,-318,-444,-3588,4316
440,824,85,-1270,-4065,4992
118,1098,1336,-3162,-5130,6502
10,911,1775,-3897,-5376,6828
-290,570,2909,-5420,-5585,7246
-990,360,3897,-6668,-5702,7567
-3488,897,5219,-8281,-5704,7678
-8933,1744,6270,-7917,-5060,6983
-12231,1922,6611,-6628,-3666,6497
-14392,2992,8244,-3624,-83,6875
-13365,2723,9376,-1091,3129,7762
-11477,1952,14400,3265,8254,8865
-10077,177,16685,5573,11527,8411
-8384,-754,20880,7380,14752,6153
-6200,44,23653,8019,15700,3852
1620,-1438,30185,7922,15269,-139
-32768,-32767,10069,-1346,8906,2690
13442,-12371,2386,36,1428,-3715
-478,-9026,-2525,-2560,-851,-2589
-5437,8800,6302,-3714,1240,-3659
-3711,6014,3583,-1161,2050,-5245
-1037,4912,4656,496,2855,-6063
-316,2763,2202,499,2791,-3123
-461,2388,1813,533,2804,-2495
-676,2479,1474,867,3007,-1867
-544,2776,1315,1367,3166,-1567
-562,2864,854,2554,3184,-1311
-598,2651,963,3394,3098,-1256
-747,1945,1402,4133,2937,-1180
-944,1375,1459,4235,2801,-1120
-974,912,1385,4088,2671,-1031
-1013,708,1248,3871,2599,-935
-1078,681,1046,3600,2509,-796
-1225,651,972,3507,2372,-718
-1492,549,980,3415,2099,-627
-1490,535,917,3417,1920,-546
-1499,437,717,3485,1660,-359
-1586,339,551,3520,1483,-212
-1662,152,381,3525,1182,101
-1943,-78,346,3411,1005,423
-2017,-198,278,3268,952,643
-2074,-247,15,3040,875,941
-2073,-250,-95,2910,790,1126
-2185,-179,-322,2511,503,1519
-2064,-174,-642,2170,312,1553
-2002,-96,-857,1869,137,1524
-2113,488,-793,1393,-227,1341
-2186,724,-614,1496,-284,1186
-2209,698,-592,1571,-281,1048
-2187,544,-611,1529,-279,833
-2095,468,-705,1430,-290,706
-2059,470,-953,1312,-349,569
-2062,447,-1045,1299,-385,516
-2137,384,-1096,1324,-439,474
-2214,291,-1112,1297,-456,454
-2244,146,-1150,1131,-448,394
-2150,114,-1247,904,-438,334
-2175,155,-1223,745,-428,303
-2335,238,-1057,533,-407,256
-2362,318,-1008,435,-380,214
-2292,458,-1137,359,-368,192
-2128,564,-1252,349,-365,166
-2000,561,-1298,358,-356,78
-2077,515,-1170,264,-378,48
-2265,894,-771,-342,-286,42
-1865,1366,-1231,-497,-220,84
-1606,1678,-1519,-364,-240,113
-1650,1743,-1591,70,-295,190
-1845,1472,-1368,326,-274,262
-2080,1082,-1034,534,-124,476
-1951,1042,-1101,583,-139,572
-1892,934,-1180,618,-208,574
-2067,730,-1036,613,-353,496
-2186,608,-870,537,-400,406
-2221,576,-872,445,-382,349
-2167,618,-969,292,-331,250
-2169,685,-1067,239,-295,167
-2191,679,-1112,232,-255,18
-2204,588,-1116,210,-222,-79
-2198,500,-1088,104,-157,-188
-2184,525,-1060,15,-114,-223
-2121,615,-1097,-92,-51,-248
-2156,642,-1149,-153,-18,-274
-2116,646,-1167,-256,16,-333
-2124,685,-1157,-330,27,-379
-2178,939,-1009,-369,32,-404
-2150,989,-996,-371,22,-409
-2135,1041,-944,-370,6,-385
-2158,1050,-912,-388,6,-354
-2129,1077,-916,-467,29,-300
-2089,1184,-993,-470,59,-265
-2070,1283,-1013,-393,76,-227
-2129,1148,-945,-137,142,-97
-2167,965,-917,-108,176,-52
-2197,920,-884,-127,189,-42
-2197,964,-885,-137,184,-31
-2181,994,-906,-111,166,-25
-2141,957,-947,-69,137,-34
-2117,890,-941,-68,118,-42
-2106,828,-906,-117,97,-34
-2133,818,-912,-163,99,-22
-2214,822,-914,-212,105,1
-2194,840,-941,-226,112,11
-2139,867,-1035,-226,107,16
-2090,885,-1010,-226,95,17
-2074,917,-962,-221,95,19
-2002,904,-874,-230,75,46
-1957,885,-888,-278,61,50
-1936,878,-890,-313,39,65
-1952,842,-906,-332,-13,91
-1989,813,-812,-354,-16,97
-2083,838,-817,-408,-22,105
-2168,875,-873,-455,-7,76
-2214,938,-954,-462,21,0
-2232,971,-1015,-452,29,-50
-2251,1000,-1038,-449,39,-98
-2336,1121,-1250,-409,83,-142
-2341,1148,-1227,-250,113,-131
-2302,1143,-1167,-159,146,-119
-2201,1119,-1057,-63,203,-101
-2120,1111,-984,-19,233,-99
-1973,1038,-900,2,239,-109
-1903,968,-856,-27,221,-106
-1825,917,-821,-96,187,-74
-1867,910,-801,-132,152,-37
-1857,872,-851,-173,75,45
-1853,877,-924,-217,3,116
-1995,921,-956,-226,-113,251
-2086,934,-965,-195,-170,267
-2133,954,-993,-168,-203,271
-2180,997,-976,-124,-244,273
-2170,1017,-932,-92,-248,276
-2138,1008,-847,-99,-223,295
-2104,1050,-794,-135,-193,309
-2051,1163,-752,-154,-157,334
-1994,1250,-708,-127,-130,353
-1917,1318,-722,-29,-105,364
-1904,1278,-707,49,-101,360
-1934,1147,-672,100,-142,369
-1953,1026,-781,78,-264,406
-1954,1029,-810,73,-303,414
-1983,1061,-832,75,-378,439
-1875,1137,-863,79,-449,470
-1763,1187,-1008,82,-538,466
-1656,1413,-928,55,-639,433
-1623,1548,-896,125,-694,447
-1531,1602,-877,302,-726,543
-1443,1566,-921,413,-738,683
-839,1364,-995,759,-988,1542
-473,1249,-976,809,-1255,2144
-238,1119,-1010,770,-1477,2570
122,948,-1080,578,-1870,3184
494,886,-1077,373,-2197,3632
851,685,-913,-105,-2784,4433
898,618,-738,-544,-3219,5034
939,459,-353,-1300,-3942,5957
919,357,-2,-1951,-4479,6571
731,-107,1064,-3304,-5359,7588
278,-1068,2134,-4714,-5841,8259
-1343,-4054,5099,-9027,-6595,9421
-5726,-3064,9080,-13445,-6963,9777
-9448,1022,8755,-13135,-6462,8803
-17527,7729,7081,376,113,6776
-15830,777,13344,1576,6071,6221
-11880,775,17024,843,9535,5914
-8156,3620,20949,4845,12573,4706
-6267,1280,24765,7399,13972,3049
-172,1800,30330,6564,15109,8
-32768,-18281,-3923,4336,6953,-1563
-8228,-2362,2882,-1915,1236,-322
-6056,5854,5783,-2570,4383,-1795
-5122,9159,4203,243,5270,-2124
-951,5566,3363,4291,5225,-3054
471,2841,2169,4265,4373,-3544
1163,1835,2403,2883,3564,-3530
1288,1743,2007,1235,2968,-3244
826,1718,1710,516,2767,-3293
699,2035,1564,-62,2658,-3301
869,2477,1340,64,2590,-3220
894,2667,849,868,2304,-3109
672,2483,669,1517,2104,-3030
322,2014,344,2207,1872,-2821
-24,1692,258,2527,1738,-2626
-334,1314,186,2909,1513,-2299
-553,952,268,3091,1348,-2053
-999,397,227,3047,1132,-1672
-1576,302,-106,2460,1064,-1095
-1746,432,-158,2381,992,-821
-1963,429,-113,2439,903,-673
-2259,318,18,2556,763,-430
-2277,178,-232,2648,779,283
-2366,186,-205,2685,772,520
-2499,126,26,2766,748,836
-2505,37,24,2752,742,1010
-2480,83,-79,2666,750,1085
-2426,134,-200,2499,742,1158
-2461,137,-241,2362,727,1196
-2313,111,-319,2126,689,1253
-2093,153,-605,2007,594,1280
-1685,360,-1176,1915,296,1288
-1796,379,-1236,1871,39,1274
-2129,357,-741,1749,-152,1264
-2269,372,-521,1676,-202,1238
-2340,370,-484,1529,-174,1128
-2332,425,-538,1437,-130,1026
-2244,383,-702,1352,-88,853
-2238,330,-821,1286,-91,731
-2118,329,-928,1174,-163,601
-2069,351,-992,1110,-262,551
-2148,330,-919,930,-423,459
-2181,447,-894,609,-393,347
-2187,569,-936,547,-376,332
-2274,675,-958,509,-353,332
-2281,732,-1000,520,-346,328
-2136,765,-1174,575,-298,279
-2055,692,-1278,627,-256,190
-2137,572,-1074,617,-269,80
-2358,569,-694,491,-310,88
-2470,626,-457,189,-299,110
-2320,764,-638,-52,-262,130
-1870,1257,-1175,-235,-268,145
-1673,1534,-1469,-108,-307,162
-1836,1536,-1411,315,-323,234
-2010,1270,-1215,518,-278,313
-2157,1017,-1067,579,-165,435
-2156,963,-1089,550,-133,511
-2140,1000,-1211,551,-183,549
-2108,955,-1270,633,-301,524
-2148,860,-1248,678,-347,473
-2216,649,-1126,684,-333,364
-2302,521,-1087,655,-289,269
-2302,365,-1069,455,-125,-8
-2123,405,-1201,317,-106,-159
-2066,356,-1174,182,-103,-257
-2043,345,-1123,67,-77,-312
-2067,417,-1113,-58,-28,-330
-2133,478,-1127,-92,-13,-316
-2209,538,-1149,-123,-34,-286
-2268,580,-1135,-160,-64,-269
-2269,702,-1092,-225,-107,-256
-2269,774,-1074,-241,-111,-252
-2217,885,-1015,-266,-89,-252
-2186,949,-1000,-261,-66,-247
-2126,1033,-990,-247,-34,-221
-2119,1070,-1014,-186,-30,-179
-2111,1046,-1022,-139,-25,-161
-2132,918,-985,-110,12,-117
-2182,853,-979,-129,55,-78
-2260,789,-949,-172,111,-19
-2245,805,-1000,-200,136,14
-2194,878,-1049,-193,125,36
-2173,925,-1051,-158,109,29
-2201,889,-954,-68,67,-31
-2179,822,-967,-61,56,-58
-2140,818,-1003,-62,52,-71
-2093,811,-1051,-39,8,-64
-2118,758,-1033,-75,-6,-35
-2150,765,-1024,-119,2,-15
-2191,776,-1013,-145,26,-2
-2196,821,-1030,-149,41,-3
-2143,900,-1014,-128,49,-8
-2093,933,-990,-92,49,-21
-2096,940,-976,-72,41,-37
-2082,939,-960,-52,13,-60
-2070,915,-976,-37,-20,-58
-2080,907,-999,-7,-64,-28
-2108,891,-971,1,-84,15
-2141,829,-997,6,-101,75
-2193,761,-1020,-16,-104,90
-2152,755,-1108,-116,-82,92
-2081,814,-1242,-154,-45,87
-2133,926,-1283,-68,-8,102
-2230,883,-1177,48,32,126
-2368,542,-983,-65,121,125
-2270,671,-986,-178,106,68
-2207,770,-984,-204,88,19
-2104,901,-913,-200,84,-24
-2058,944,-904,-184,94,-20
-1998,961,-931,-163,109,-9
-1999,882,-1039,-158,104,23
-2017,910,-1093,-180,82,64
-2023,946,-1102,-170,64,93
-2011,987,-1110,-149,22,136
-2031,993,-1091,-131,-13,170
-2068,980,-1059,-92,-54,231
-2093,955,-1069,-80,-70,277
-2147,886,-1087,-64,-55,329
-2215,858,-1098,-49,-30,357
-2301,849,-1074,-35,22,363
-2313,847,-1043,-47,59,356
-2261,888,-1005,-89,121,300
-2191,968,-994,-118,151,248
-2053,1078,-943,-104,165,166
-1946,1116,-913,-67,155,135
-1764,955,-869,-39,48,169
-1799,878,-866,-111,-13,227
-1862,868,-909,-151,-63,268
-1917,927,-953,-165,-134,327
-1959,1013,-977,-126,-192,352
-1944,1050,-984,-94,-233,346
-1892,1115,-1007,-58,-308,318
-1845,1129,-1022,-43,-367,297
-1752,1116,-1107,-22,-540,313
-1718,1210,-1037,2,-598,347
-1683,1265,-1002,85,-622,401
-1650,1246,-943,254,-653,512
-1634,1215,-906,343,-687,606
-1503,1182,-806,418,-762,779
-1418,1147,-760,434,-814,913
-1133,1048,-705,395,-936,1171
-933,974,-711,311,-1043,1414
-581,986,-718,233,-1296,1874
-359,1045,-671,211,-1524,2249
39,1008,-759,111,-1944,2925
370,872,-858,-163,-2481,3711
1068,727,-348,-1431,-3983,5574
1101,545,13,-2143,-4612,6383
790,-367,1230,-3786,-5497,7664
657,-347,2320,-5534,-5967,8624
923,-368,3394,-7987,-6692,9539
53,-671,4800,-9687,-7486,9830
-6437,1716,7340,-10870,-8547,9254
-10257,3001,6408,-8874,-8016,7886
-16153,4755,7579,-3928,-4573,7032
-17688,4767,9366,-1434,-548,7296
-11724,1505,18068,4138,9264,7448
-8610,-744,23049,6515,13589,5903
-6098,-1770,26145,7149,15754,4318
-1793,38,29366,7572,17149,1556
-32768,-8441,-19117,6963,7206,934
27970,-10142,8894,-1925,1752,86
2420,-8301,-615,-477,699,-662
-7151,2945,5102,-1812,1344,-544
-5282,5780,5885,-1185,3438,-661
-3627,8464,4590,3166,4963,-806
-188,6219,5286,5865,5576,-1542
2388,2855,1818,5367,3136,-3699
2020,2264,948,3815,1902,-3982
1702,1899,633,2674,1328,-4143
1108,1817,458,1111,885,-4263
764,1868,298,489,748,-4277
406,1978,71,175,585,-4164
267,1983,-10,269,485,-3989
-29,1971,45,619,434,-3596
-165,1936,41,971,473,-3222
-385,1828,28,1602,512,-2648
-633,1636,70,2327,565,-2040
-866,1472,87,2736,569,-1687
-1243,1137,253,3196,583,-1178
-1935,673,654,3671,590,-320
-2147,460,686,3707,571,-20
-2414,223,660,3649,561,313
-2466,135,654,3571,567,490
-2431,152,551,3463,611,717
-2420,174,472,3410,637,841
-2402,164,422,3315,664,984
-2425,44,443,3194,677,1057
-2336,-6,-10,2592,677,1125
-2389,110,-187,2319,626,1098
-2425,118,-264,2121,590,1079
-2375,199,-366,1871,543,1038
-2300,225,-570,1727,511,997
-2181,261,-786,1607,378,941
-2107,221,-974,1493,217,919
-2020,319,-1200,1245,-196,857
-2105,595,-1095,1183,-474,797
-2212,741,-905,1267,-531,750
-2296,682,-703,1351,-509,653
-2225,584,-673,1290,-455,570
-2127,461,-815,1087,-372,449
-2068,460,-963,953,-349,377
-2040,556,-1091,857,-377,333
-2048,733,-1132,933,-497,403
-2086,672,-1068,949,-519,424
-2135,547,-1012,867,-523,445
-2149,629,-1041,743,-498,485
-2036,736,-1192,651,-460,565
-1935,734,-1312,675,-428,529
-2720,758,-665,539,-326,294
-2442,870,-723,280,-206,234
-2007,1069,-1092,22,-192,222
-1420,1573,-1677,-110,-290,254
-1619,1672,-1658,359,-353,341
-1896,1496,-1383,735,-296,437
-2202,1061,-1002,964,-117,594
-2167,809,-977,863,13,669
-1984,765,-1146,530,47,672
-1878,953,-1285,380,-17,632
-1889,1120,-1333,427,-148,535
-1948,1043,-1271,562,-199,435
-2002,775,-1207,708,-194,248
-2041,551,-1169,728,-166,124
-2177,309,-1095,612,-133,-17
-2208,248,-1066,454,-123,-78
-2186,267,-1155,226,-107,-130
-2117,307,-1264,113,-112,-179
-2052,446,-1196,-1,-107,-331
-2090,399,-1111,-93,-61,-394
-2122,445,-1083,-311,-18,-452
-2052,793,-1198,-497,-97,-488
-2019,908,-1154,-451,-126,-478
-2018,944,-1105,-398,-136,-448
-2087,909,-1077,-425,-142,-429
-2132,919,-1073,-512,-135,-404
-2100,1009,-1109,-543,-128,-372
-2075,1143,-1164,-517,-126,-309
-2083,1200,-1143,-457,-105,-261
-2030,1251,-1099,-408,-81,-196
-2028,1283,-1093,-371,-63,-160
-2014,1304,-1054,-294,-44,-98
-2008,1299,-1045,-226,-23,-51
-2040,1254,-1028,-124,11,20
-2058,1187,-1013,-71,23,58
-2050,1127,-996,-34,21,97
-2055,1092,-984,-29,12,125
-2106,1026,-997,-12,-6,127
-2119,1019,-994,15,-12,119
-2137,1002,-1038,65,-27,108
-2098,985,-1014,112,-50,90
-2079,971,-954,104,-77,75
-2091,1009,-970,29,-99,63
-2048,1049,-1030,54,-114,72
-2005,1073,-1040,85,-109,86
-1987,1111,-1029,139,-105,111
-2015,1090,-1017,157,-103,138
-2031,1034,-1034,148,-121,167
-2025,1029,-1073,133,-134,187
-1984,1058,-1133,154,-149,200
-1955,992,-1127,183,-147,184
-1981,973,-1115,147,-134,170
-2028,989,-1089,110,-120,176
-2021,1025,-1152,116,-131,245
-2046,974,-1200,191,-132,366
-2074,931,-1192,238,-104,424
-2116,902,-1077,235,-42,487
-2111,929,-1033,217,-7,496
-2017,962,-994,170,5,482
-1909,1011,-1009,142,-14,458
-1711,1081,-1022,140,-110,458
-1633,1108,-996,168,-212,491
-1659,1022,-952,166,-357,578
-2030,949,-985,-53,-526,791
-2405,1211,-1077,13,-465,936
-2332,1252,-1166,111,-386,883
-2220,1238,-1230,153,-334,808
-2065,1292,-1278,252,-236,684
-1948,1249,-1194,364,-133,596
-1846,1115,-994,453,16,528
-1804,978,-842,426,98,524
-1767,778,-676,207,185,585
-1783,769,-660,-37,196,667
-1829,809,-678,-169,185,698
-1875,918,-716,-318,155,713
-1925,1021,-721,-398,138,719
-1931,1170,-743,-463,117,716
-1915,1235,-790,-495,96,691
-1819,1390,-860,-496,63,650
-1685,1528,-934,-458,20,623
-1398,1613,-1030,-362,-64,662
-1073,1461,-1071,-420,-130,749
-319,1474,-1094,-633,-301,1040
270,1605,-1150,-680,-522,1437
1669,1747,-1498,-457,-1919,3338
2070,1586,-1320,-381,-2833,4249
2082,1500,-1159,-527,-3434,4856
2095,1335,-907,-955,-4338,5714
1256,1201,453,-2097,-6174,7201
336,-617,2091,-3634,-7004,7932
-1188,-3305,3987,-5936,-7480,8439
-5723,-6403,8515,-11334,-8099,9217
-8710,-4328,10253,-14541,-7575,8914
-13653,5282,7134,-9651,-6147,7466
-14261,7496,7842,-1768,-4077,7930
-13211,-1249,16399,3414,1447,9567
-8659,-1658,21082,2652,7122,10330
-6680,3150,25764,6745,12928,8967
-5912,141,29240,9476,16329,6448
-93,-797,32183,8389,18808,2426
5523,2480,32767,7810,18711,-90
-32768,-22376,-23441,-364,5431,2093
17996,-15859,-6547,-778,221,-1308
-4631,-3504,4832,-2303,-584,-275
-5345,4941,6924,-1051,3067,-4079
755,3156,1667,37,3358,-4223
992,2872,830,-112,2608,-3673
1071,2407,1322,-828,1704,-2574
740,2520,1482,-1202,1510,-1987
289,3173,1394,-1019,1594,-1440
68,3600,1608,-111,1825,-1151
-116,3487,1511,2665,2533,-811
-269,3092,1396,4098,2653,-983
-358,2567,1429,4692,2624,-1185
-577,1908,1472,4915,2541,-1466
-664,1575,1425,4828,2456,-1623
-745,1170,1291,4526,2422,-1696
-841,959,1083,4224,2468,-1687
-936,852,709,3769,2528,-1629
-1082,895,499,3422,2400,-1512
-1235,938,481,3317,2218,-1440
-1316,903,545,3308,1932,-1356
-1407,732,362,3328,1683,-1258
-1585,422,144,3233,1329,-1072
-1663,378,144,3078,1117,-910
-1717,416,106,2860,838,-549
-1905,375,-63,2692,406,176
-1899,387,-133,2662,327,365
-1928,424,-243,2627,209,586
-1950,458,-282,2598,125,728
-1974,478,-367,2579,24,920
-1909,435,-459,2554,-27,1032
-1837,293,-582,2370,-128,1182
-1856,240,-662,2148,-208,1247
-1937,420,-881,1712,-505,1346
-2060,495,-882,1640,-663,1335
-2148,552,-830,1591,-743,1262
-2171,570,-822,1559,-759,1195
-2236,546,-826,1487,-750,1073
-2220,520,-812,1392,-720,980
-2253,447,-914,1192,-709,836
-2164,462,-990,1072,-697,734
-2023,490,-1153,965,-700,624
-1985,492,-1219,902,-719,585
-2068,563,-1147,788,-718,544
-2125,643,-1125,722,-697,526
-2224,638,-1161,664,-618,467
-2131,671,-1171,537,-452,292
-2151,761,-1122,458,-434,266
-2018,842,-1117,346,-428,246
-2011,756,-1225,276,-416,198
-2344,777,-1124,154,-469,125
-2505,985,-824,119,-507,126
-2418,1170,-659,28,-418,179
-2125,1277,-796,-92,-353,238
-1518,1576,-1297,-216,-303,272
-1207,1763,-1686,-123,-353,280
-1681,1647,-1316,669,-456,347
-2093,1276,-781,908,-355,476
-2160,1075,-662,825,-274,545
-2095,865,-831,473,-175,541
-1986,863,-1022,237,-145,446
-1901,1029,-1272,135,-206,256
-1956,1123,-1284,259,-272,140
-2034,977,-1133,502,-311,13
-2118,786,-1047,531,-299,-43
-2291,588,-993,382,-242,-145
-2317,525,-996,245,-193,-231
-2183,653,-1141,-84,-87,-480
-2183,728,-1094,-100,-44,-545
-2146,728,-1079,-152,2,-576
-2139,773,-1074,-211,17,-568
-2097,874,-1096,-272,14,-528
-2067,897,-1138,-277,0,-492
-2095,964,-1107,-271,-4,-436
-2129,1034,-1016,-265,5,-382
-2133,1087,-926,-242,23,-306
-2121,1083,-853,-268,30,-278
-1977,1111,-929,-370,51,-267
-1907,1157,-996,-405,43,-263
-1893,1249,-1073,-361,9,-235
1,1,-1,1,1,-1
-2165,1090,-912,-168,150,59
-2122,1088,-910,-140,149,104
-2101,1128,-932,-122,132,112
-2013,1182,-982,-29,96,92
-1998,1168,-983,58,62,62
-2014,1061,-898,153,29,26
-2157,738,-882,-148,97,-13
-2118,893,-995,-237,137,0
-2086,996,-1029,-192,131,26
-2023,1060,-1044,-98,97,53
-2010,1049,-1023,-64,62,56
-2003,1054,-964,-95,35,53
-2000,1066,-949,-127,27,43
-1970,1112,-1016,-153,22,27
-1950,1163,-1081,-136,8,26
-1919,1193,-1095,-77,-21,23
-1969,1155,-1097,-53,-51,22
-1978,1139,-1066,-51,-86,30
-1992,1036,-1060,-75,-85,27
-1939,1129,-1098,-163,-75,55
-1878,1213,-1182,-152,-53,91
-1800,1320,-1293,-8,-63,153
-2078,1031,-1119,260,-67,260
-2114,925,-1043,241,-43,267
-2123,870,-979,121,-10,231
-2063,945,-962,15,-7,182
-1988,1016,-966,-19,-34,164
-1767,1151,-1041,21,-207,135
-1845,1120,-970,33,-246,191
-1890,1106,-955,40,-248,255
-1924,996,-1010,23,-239,377
-2060,956,-1018,-30,-227,463
-2282,935,-1014,-120,-170,567
-2370,949,-1050,-172,-88,597
-2418,996,-1120,-235,58,582
-2362,1072,-1111,-260,155,543
-2231,1153,-1117,-239,284,464
-2117,1180,-1068,-209,350,395
-1950,1191,-967,-152,423,292
-1858,1177,-877,-116,454,248
-1772,1107,-780,-93,461,227
-1670,1020,-733,-118,398,276
-1622,971,-744,-172,330,314
-1532,963,-769,-269,198,379
-1496,1007,-809,-307,105,418
-1097,1159,-923,-307,-192,545
-769,1155,-970,-234,-427,696
-517,1064,-979,-222,-606,863
499,929,-764,-414,-1509,1819
859,1106,-562,-535,-2074,2353
1021,1141,-480,-638,-2498,2755
1216,1300,-258,-823,-3122,3357
1215,1376,-92,-1001,-3552,3790
1061,1426,247,-1421,-4136,4428
993,1494,456,-1854,-4468,4844
808,1631,722,-2735,-4980,5511
497,1694,1098,-3415,-5414,5989
42,1659,2119,-4610,-6078,6641
-1066,419,4196,-6607,-6655,7208
-2926,-933,5957,-8445,-7014,7572
-8371,-292,8705,-10949,-6805,7252
-11752,771,7901,-10555,-5625,6581
-14779,5960,6595,-5034,-2450,6761
-16132,4903,8395,-45,1080,7543
-14648,306,12247,2380,7247,8618
-12360,145,14233,2976,10624,8542
-10440,591,17860,6304,13171,6738
-8717,-779,21871,7880,13704,4540
-3167,56,26338,7327,13306,619
1,1,-1,1,1,-1
-5922,2649,8419,-3864,3213,-3313
-1954,8226,4603,-1077,4912,-3688
-175,6569,3494,2283,4697,-3737
775,2670,2329,3670,4104,-3493
988,1629,2439,2242,3574,-2646
838,1653,1926,1351,3451,-2222
352,2263,976,909,3269,-2029
284,2733,753,1178,3069,-2088
103,3011,577,2059,2720,-2214
9,2875,593,2700,2517,-2268
-78,2425,696,3392,2286,-2253
-222,2064,688,3600,2218,-2176
-313,1690,606,3688,2185,-1963
-476,1451,543,3665,2123,-1744
-713,1151,496,3535,2021,-1433
-824,987,413,3452,1969,-1197
-977,881,257,3389,1913,-883
-1075,779,180,3399,1838,-684
-1294,603,137,3441,1635,-414
-1372,497,160,3464,1478,-240
-1679,-8,39,3151,970,436
-2008,-132,-84,2251,542,1024
-2029,-39,-127,2027,397,1130
-2071,148,-298,1820,214,1225
-2073,222,-439,1748,115,1242
-2158,265,-554,1689,-57,1254
-2202,271,-615,1637,-152,1248
-2178,336,-766,1559,-261,1227
-2068,414,-931,1522,-339,1209
-1975,510,-1020,1491,-489,1177
-2033,548,-1022,1464,-622,1170
-2104,575,-978,1430,-740,1134
-2171,611,-984,1402,-768,1072
-2188,618,-999,1370,-761,969
-2208,586,-1005,1327,-735,902
-2317,562,-993,1254,-691,838
-2421,560,-1011,1218,-658,809
-2433,584,-1084,1229,-625,756
-2307,507,-1239,1251,-627,655
-2224,495,-1287,1211,-636,580
-2198,456,-1290,1079,-683,476
-2263,593,-1303,699,-610,330
-2232,647,-1350,685,-544,289
-2233,662,-1333,701,-433,220
-2225,687,-1276,685,-392,191
-2116,810,-1153,672,-334,214
-2175,618,-1163,620,-323,156
-2244,677,-1022,478,-340,126
-2206,815,-893,254,-332,133
-2108,871,-973,95,-297,125
-1843,1128,-1259,-132,-244,126
-1617,1368,-1521,-125,-223,160
-1456,1538,-1785,171,-245,217
-1605,1451,-1699,451,-255,264
-1921,1156,-1285,717,-213,333
-1995,860,-1060,646,-138,396
-1963,782,-1063,489,-121,397
-1894,807,-1236,309,-143,316
-1893,818,-1308,286,-177,222
-1992,703,-1329,341,-230,74
-2057,579,-1311,362,-241,-16
-2190,441,-1247,337,-236,-110
-2327,327,-1175,22,-132,-343
-2263,392,-1178,-98,-88,-424
-2171,495,-1207,-208,-47,-523
-2114,568,-1215,-244,-40,-564
-2084,633,-1173,-276,-38,-595
-2077,656,-1162,-315,-49,-589
-2070,769,-1099,-401,-82,-456
-2100,850,-1094,-441,-75,-347
-2076,908,-1088,-453,-57,-277
-2127,971,-1074,-464,-37,-189
-2192,1077,-1016,-448,-12,-127
-2161,1091,-1025,-429,4,-91
-2127,1048,-1069,-430,13,-70
-2135,1035,-1075,-457,27,-57
-2156,1072,-1075,-455,63,-33
-2186,1083,-1048,-407,96,-1
-2242,1086,-996,-324,146,41
-2262,1070,-972,-269,174,56
-2234,1046,-954,-195,196,68
-2161,1034,-976,-152,194,50
-2063,1035,-965,-112,175,16
-2092,913,-893,-114,112,-60
-2120,868,-895,-147,113,-74
-2084,870,-967,-194,120,-92
-2067,893,-986,-202,119,-98
-2063,908,-1023,-191,119,-88
-2069,879,-1039,-193,112,-81
-2108,916,-997,-226,122,-68
-2102,967,-1023,-261,128,-69
-2047,1060,-1118,-227,134,-92
-2061,1041,-1136,-186,129,-98
-2089,1011,-1131,-168,126,-90
-2067,1016,-1131,-163,117,-65
-2049,1054,-1176,-142,106,-45
-1984,1046,-1188,-90,100,-37
-2031,937,-1166,-92,103,-34
-2037,985,-1136,-179,105,-3
-1908,1053,-1274,-192,125,32
-1755,1250,-1480,-66,81,86
-1764,1258,-1453,122,31,125
-1839,958,-1298,299,24,169
-1858,797,-1199,247,33,197
-1992,832,-1072,-88,-19,254
-1987,913,-1105,-111,-67,243
-1936,942,-1129,-114,-124,226
-1916,936,-1120,-123,-155,222
-1983,922,-1082,-151,-192,238
-2076,949,-1061,-157,-210,268
-2221,973,-1055,-155,-210,317
-2240,1006,-1030,-163,-184,346
-2205,994,-1082,-181,-105,358
-2155,1048,-1115,-214,-34,343
-2116,1158,-1117,-192,74,314
-1979,1211,-1033,-54,192,281
-1883,1158,-998,-28,202,279
-1807,1116,-972,-25,193,299
-1784,1094,-913,-30,144,365
-1747,1099,-905,-33,115,432
-1682,1085,-919,-29,67,521
-1649,1097,-919,-45,29,567
-1590,1187,-916,-49,-34,655
-1511,1292,-930,47,-132,742
-1254,1410,-846,359,-459,919
-1149,1397,-885,439,-578,995
-915,1350,-841,474,-803,1164
-734,1252,-851,403,-982,1354
-480,1211,-897,262,-1281,1712
-261,1238,-894,209,-1497,2015
-86,1222,-965,187,-1870,2539
20,1160,-966,180,-2138,2903
95,938,-926,110,-2565,3427
130,775,-852,-62,-2863,3764
294,579,-735,-511,-3376,4290
309,370,-560,-989,-3771,4688
235,26,-24,-2051,-4425,5449
-31,-208,650,-3021,-4899,6098
-1488,-2869,3567,-7140,-6101,8082
-4207,-5543,6660,-11958,-6741,9110
-7736,-3428,8901,-16337,-7218,8775
-10531,2693,7436,-13055,-6531,8102
-14492,10462,6041,-1196,-3645,8669
-15759,2638,11241,4532,951,9671
-11338,-2203,18782,2870,8085,9775
-4645,-854,30800,9179,16417,1730
-32768,-1377,18459,9953,10910,1093
-32768,-15366,1226,-2785,1394,496
-1682,-9777,-896,-1113,-206,820
-11786,-56,8795,-4858,1498,-592
-8271,7784,9837,-4768,5654,-1795
-4624,10547,6548,1805,7587,-1741
-2113,7912,6614,5048,7995,-2198
1534,4583,4943,6035,7589,-3023
2265,3421,3587,5220,6476,-3573
2943,2635,2575,3732,4950,-4052
2378,2258,1486,2516,3713,-4545
2172,2275,1213,1779,3174,-4710
2040,2162,873,913,2560,-4689
1701,1956,820,485,2296,-4606
1143,1831,682,127,2064,-4362
354,1550,251,302,1994,-3462
140,1436,96,548,2040,-3068
-77,1348,-188,1178,2072,-2363
-334,1273,-215,1699,2042,-1863
-862,1020,-168,2472,1917,-1157
-1713,262,-43,3353,1773,84
-1956,52,-27,3353,1721,410
-2199,-145,23,3167,1600,856
-2305,-202,44,2956,1501,1135
-2400,-185,-1,2664,1359,1503
-2439,-129,-74,2519,1260,1697
-2383,43,-220,2414,1070,1925
-2375,168,-295,2447,882,2059
-2373,236,-329,2498,760,2105
-2365,281,-364,2552,607,2146
-2282,354,-441,2548,532,2153
-2245,449,-470,2554,407,2147
-2205,476,-470,2537,326,2137
-2148,419,-589,2453,171,2094
-2086,386,-714,2319,65,2033
-2094,410,-760,2093,-84,1941
-2180,510,-712,1994,-160,1884
-2254,628,-623,1984,-210,1807
-2284,651,-675,2017,-215,1743
-2248,489,-918,2086,-298,1544
-2324,156,-959,1960,-352,1404
-2408,-109,-1244,1242,-412,1137
-2418,-22,-1306,1132,-424,1063
-2510,62,-1366,1105,-430,926
-2473,53,-1447,1130,-413,718
-2402,63,-1477,1118,-406,576
-2236,205,-1452,1075,-435,456
-2157,268,-1389,1041,-465,442
-2037,313,-1300,979,-495,421
-1851,342,-1296,887,-483,373
-1800,253,-1386,683,-489,288
-1919,269,-1190,474,-529,289
-2214,410,-895,181,-541,375
-2338,527,-903,7,-494,445
-2274,838,-1141,-215,-378,515
-2061,1163,-1461,-260,-309,531
-1774,1486,-1763,-43,-259,500
-1877,1493,-1767,266,-261,476
-2169,1260,-1344,649,-195,454
-2254,920,-1086,782,-91,442
-2186,789,-1124,688,-56,422
-2071,754,-1283,504,-86,345
-2012,756,-1352,697,-256,90
-1966,614,-1302,672,-249,68
-1945,540,-1310,593,-252,52
-1944,506,-1335,492,-242,14
-1961,513,-1359,441,-236,-18
-1982,487,-1318,420,-208,-62
-2028,439,-1263,390,-195,-86
-2104,438,-1193,322,-184,-119
-2124,461,-1190,258,-197,-150
-2093,490,-1248,152,-237,-205
-2038,566,-1291,97,-269,-224
-2014,683,-1274,79,-307,-217
-2065,707,-1250,105,-315,-203
-2133,684,-1172,104,-294,-186
-2134,642,-1191,48,-263,-170
-2121,705,-1256,-91,-213,-134
-2137,824,-1360,-128,-187,-96
-2163,860,-1364,-96,-167,-80
-2205,905,-1310,-9,-125,-49
-2221,875,-1281,23,-84,-26
-2224,862,-1290,23,-18,-10
-2120,935,-1199,118,8,51
-2090,895,-1172,154,3,58
-2045,832,-1190,217,2,62
-2024,798,-1202,230,-21,62
-2022,782,-1190,240,-38,61
-2109,710,-1116,217,-63,75
-2148,652,-1089,164,-70,75
-2162,648,-1162,77,-68,69
-2139,709,-1223,51,-73,59
-2079,788,-1257,78,-79,40
-2090,832,-1268,99,-79,27
-2117,873,-1256,126,-62,-10
-2126,906,-1250,143,-32,-68
-2107,962,-1263,164,-19,-84
-2103,1074,-1338,263,-23,-80
-2091,1155,-1405,350,-24,-66
-2124,1279,-1519,535,-32,-55
-2176,1376,-1565,677,-15,-38
-2249,1467,-1606,876,49,15
-2207,1503,-1666,1040,124,41
-2278,1438,-1711,1252,218,47
-2019,1372,-1808,1613,386,205
-2043,1273,-1700,1774,390,273
-2068,1014,-1487,1995,420,383
-2055,844,-1386,2072,450,445
-2098,328,-1111,1967,476,508
-2112,125,-1067,1728,446,492
-2055,120,-1150,1576,402,471
-1931,195,-1254,1456,316,437
-1798,186,-1294,1444,194,380
-1781,120,-1271,1434,129,355
-1757,-40,-1193,1310,75,359
-1774,-117,-1183,1178,71,373
-1776,-122,-1235,987,59,413
-1798,-109,-1258,884,37,443
-1846,-184,-1298,737,-21,455
-1898,-194,-1370,613,-59,451
-1900,-123,-1500,449,-111,421
-1938,-71,-1544,375,-145,396
-2013,-17,-1588,289,-180,339
-2041,3,-1614,242,-180,290
-2078,-21,-1646,168,-150,225
-2096,65,-1703,13,-95,149
-2015,78,-1752,-16,-79,124
-1944,91,-1781,-56,-45,77
-1922,112,-1783,-84,-25,47
-1905,186,-1803,-124,8,9
-1907,284,-1789,-135,20,-22
-1976,350,-1652,-148,-42,-19
-2057,312,-1653,-178,-54,-18
-2042,347,-1669,-182,-56,-24
-2033,395,-1736,-156,-54,-44
-2005,417,-1770,-115,-50,-54
-1982,377,-1802,-47,-51,-47
-1986,329,-1778,-15,-41,-34
-1996,271,-1707,-13,-32,5
-1985,290,-1693,-18,-36,26
-1960,333,-1669,-13,-50,41
-1950,332,-1656,-11,-53,36
-1932,357,-1616,-29,-70,40
-1921,363,-1582,-34,-79,52
-1887,413,-1589,-39,-86,84
-1897,424,-1623,-22,-88,101
-1985,393,-1670,41,-78,140
-2007,399,-1723,37,-77,177
-1977,443,-1759,55,-75,173
-1961,464,-1752,84,-75,167
-1956,433,-1670,132,-76,166
-1976,404,-1639,143,-75,169
-1966,409,-1611,155,-82,191
-1927,410,-1610,173,-97,198
-1845,358,-1581,171,-141,205
-1887,314,-1551,81,-173,210
-1880,335,-1586,75,-182,223
-1829,332,-1624,85,-216,247
-1804,301,-1649,69,-252,243
-1737,289,-1607,-2,-343,238
-1707,264,-1573,-41,-412,237
-1593,175,-1550,-107,-542,252
-1453,142,-1530,-146,-653,290
-1244,70,-1481,-185,-864,445
-1096,-58,-1478,-252,-1031,626
-1116,-64,-1445,-426,-1294,1027
-1190,315,-1362,-550,-1633,1925
-1306,407,-1242,-533,-1702,2255
-1518,374,-1169,-588,-1713,2463
-1706,468,-1007,-767,-1716,2721
-1860,722,-992,-892,-1686,2897
-1992,1124,-1071,-889,-1631,3047
-2042,1285,-1135,-782,-1568,3048
-2042,1415,-1124,-563,-1506,2982
-2067,1469,-1040,-421,-1463,2937
-2080,1537,-941,-314,-1397,2915
-2063,1565,-953,-272,-1332,2879
-2039,1572,-995,-222,-1263,2790
-1865,1794,-1182,26,-1160,2640
-1825,1850,-1268,262,-1142,2588
-1775,1766,-1281,748,-1156,2515
-1759,1694,-1063,1073,-1085,2457
-1817,1716,-1087,1160,-929,2406
-1791,1713,-1214,1215,-670,2295
-1818,1603,-1259,1221,-490,2203
-1708,1624,-1264,1222,-211,2089
-1574,1803,-1231,1333,-94,2039
-1483,1891,-1175,2009,208,1967
-1437,1798,-1161,2187,334,1943
-1412,1926,-1068,2221,390,1898
-1276,1947,-1037,2140,530,1954
-1154,1918,-1084,1977,616,2047
-908,1834,-1133,1693,706,2212
-804,1876,-1209,1526,764,2279
-704,1853,-1481,1388,869,2333
-707,1932,-1549,1349,864,2318
-671,1737,-1561,1260,957,2286
-604,1657,-1610,1070,1051,2242
-503,1519,-1605,913,1103,2257
-415,1448,-1581,636,1139,2259
-276,1580,-1564,450,1144,2277
31,1751,-1581,478,1023,2280
130,1645,-1531,571,923,2260
221,1601,-1550,624,845,2257
382,1659,-1530,708,694,2262
449,1611,-1492,776,604,2247
523,1523,-1469,789,506,2141
567,1441,-1515,730,463,2033
750,1423,-1541,526,209,1652
867,1447,-1622,545,21,1534
900,1421,-1649,605,-126,1475
836,1331,-1691,697,-319,1400
861,1210,-1706,719,-412,1363
1026,942,-1626,552,-558,1356
1071,606,-1526,14,-579,1463
919,454,-1595,-501,-494,1523
564,495,-1866,-1212,-269,1457
459,704,-2018,-1486,-143,1305
579,1055,-2062,-1501,-64,1021
666,1254,-2053,-1297,-100,855
670,1356,-1946,-851,-174,662
675,1328,-1941,-576,-225,587
666,1160,-1920,-332,-264,558
678,1031,-1831,-298,-248,573
701,943,-1736,-372,-162,629
758,1008,-1776,-430,-31,663
731,1023,-1729,-350,14,599
707,1052,-1740,-271,25,524
700,1046,-1742,-152,45,397
705,887,-1682,-48,64,90
683,874,-1649,-95,94,20
650,898,-1638,-170,160,-72
670,980,-1657,-178,228,-111
652,1046,-1690,-128,272,-129
631,1116,-1704,28,318,-138
595,1137,-1707,182,344,-145
597,1119,-1730,379,386,-155
627,1109,-1770,484,402,-162
689,968,-1675,584,403,-195
728,881,-1691,600,407,-233
767,756,-1706,488,428,-262
808,681,-1702,385,440,-277
678,560,-1651,136,449,-300
734,686,-1716,68,539,-377
722,656,-1779,-7,617,-418
609,958,-1823,-1,638,-477
685,943,-1787,213,621,-524
640,909,-1765,352,618,-556
701,846,-1643,505,609,-574
752,829,-1578,519,633,-527
992,1680,-1493,524,794,-550
1006,1368,-1458,713,844,-548
947,1465,-1491,712,836,-690
929,1187,-1443,662,817,-757
924,976,-1409,278,767,-885
961,873,-1317,-111,747,-944
919,1076,-1299,-605,758,-922
1059,1112,-1274,-854,732,-813
1127,1288,-1330,-1088,674,-611
1073,1375,-1403,-1094,628,-504
865,1472,-1534,-970,604,-406
853,1462,-1566,-803,560,-417
964,1346,-1405,-599,448,-395
851,1277,-1269,-600,416,-363
937,1336,-1245,-604,338,-323
889,1390,-1186,-561,286,-311
899,1580,-1041,-356,248,-274
886,1806,-1003,33,296,-299
854,1728,-996,317,323,-274
849,1530,-1059,546,359,-200
824,1481,-1146,609,387,-138
755,1397,-1222,1423,455,306
810,1267,-1287,1401,443,374
805,1096,-1306,1183,376,409
