1195,583,-1536,54,-63,-52
1328,741,-1386,-120,-181,-590
1338,734,-1347,-126,-198,-665
1364,733,-1302,-154,-211,-736
1368,729,-1265,-197,-221,-801
1378,710,-1240,-265,-230,-870
1396,722,-1221,-349,-237,-943
1420,734,-1185,-455,-248,-1015
1433,740,-1158,-575,-248,-1087
1435,764,-1156,-701,-245,-1168
1447,836,-1163,-828,-254,-1247
1428,882,-1155,-945,-258,-1329
1427,973,-1172,-1048,-264,-1426
1447,1066,-1180,-1132,-287,-1510
1462,1136,-1171,-1196,-318,-1596
1483,1183,-1150,-1255,-358,-1683
1483,1249,-1139,-1311,-403,-1780
1468,1366,-1113,-1436,-496,-1930
1422,1412,-1106,-1531,-568,-2009
1382,1451,-1062,-1624,-622,-2074
1227,1603,-998,-1932,-724,-2244
1202,1717,-989,-2018,-778,-2324
1125,1854,-962,-2035,-852,-2391
1053,1942,-921,-2008,-924,-2459
963,1972,-919,-1967,-992,-2510
860,1975,-917,-1937,-1068,-2560
756,1975,-886,-1922,-1136,-2598
576,1939,-879,-1913,-1193,-2609
292,1955,-808,-1963,-1298,-2653
194,2040,-827,-1950,-1316,-2667
106,2074,-832,-1904,-1338,-2677
-1,2126,-820,-1805,-1357,-2702
-103,2232,-796,-1497,-1386,-2769
-150,2304,-833,-1201,-1416,-2815
-219,2312,-810,-930,-1454,-2856
-277,2213,-789,-668,-1490,-2890
-321,2215,-785,-427,-1521,-2941
-349,2146,-780,-184,-1558,-2967
-399,2110,-750,37,-1595,-2998
-397,2069,-735,239,-1619,-3022
-466,1960,-689,421,-1660,-3044
-520,1894,-693,555,-1686,-3061
-636,1696,-619,688,-1733,-3010
-751,1700,-568,694,-1752,-2947
-931,1792,-592,741,-1818,-2633
-1033,1731,-588,775,-1869,-2477
-1113,1675,-565,768,-1912,-2304
-1175,1705,-546,748,-1934,-2126
-1333,1545,-711,712,-1965,-1794
-1482,1419,-803,674,-1951,-1630
-1599,1289,-885,622,-1913,-1512
-1764,1203,-908,534,-1872,-1391
-1927,1191,-929,406,-1798,-1260
-2015,1264,-1011,298,-1690,-1115
-2074,1295,-1101,236,-1545,-969
-2167,1288,-1333,262,-1190,-749
-2216,1331,-1402,455,-858,-649
-2184,1428,-1414,645,-653,-608
-2151,1490,-1450,846,-502,-564
-2120,1481,-1435,1066,-391,-524
-2052,1458,-1398,1285,-307,-495
-2014,1345,-1315,1474,-247,-468
-1964,1224,-1250,1600,-211,-442
-1940,984,-1109,1666,-188,-397
-1932,875,-1053,1580,-189,-378
-1885,782,-1018,1472,-186,-379
-1874,715,-990,1351,-189,-379
-1855,818,-974,1162,-177,-442
-1846,872,-951,1171,-157,-463
-1833,886,-928,1200,-139,-483
-1816,835,-899,1227,-116,-501
-1810,795,-866,1234,-92,-519
-1802,714,-828,1214,-72,-539
-1807,671,-801,1164,-46,-560
-1817,664,-772,1089,-18,-581
-1798,600,-784,1000,16,-592
-1797,597,-777,897,50,-602
-1751,631,-786,811,81,-615
-1694,635,-807,748,111,-615
-1656,652,-854,725,133,-606
-1613,693,-913,715,142,-558
-1596,668,-922,706,151,-506
-1518,598,-943,556,143,-391
-1439,598,-1004,399,127,-274
-1408,613,-1033,292,113,-192
-1398,663,-1066,236,108,-122
-1403,680,-1102,189,99,-50
-1415,722,-1132,163,93,6
-1408,787,-1175,146,89,70
-1405,824,-1196,151,83,125
-1480,914,-1183,143,66,241
-1513,934,-1186,109,56,271
-1533,966,-1204,71,45,297
-1535,1019,-1244,57,31,320
-1545,1047,-1258,67,13,334
-1578,1005,-1311,102,-8,349
-1691,947,-1297,141,-47,362
-1790,889,-1286,179,-95,393
-1955,829,-1272,224,-225,517
-2098,780,-1229,227,-322,609
-2242,684,-1208,185,-409,695
-2401,665,-1174,106,-474,768
-2554,726,-1136,38,-525,827
-2705,828,-1116,1,-568,869
-2834,904,-1115,-3,-577,899
-2969,887,-1138,12,-577,905
-3097,840,-1142,22,-567,894
-3224,793,-1150,23,-537,866
-3335,747,-1138,3,-489,818
-3504,710,-1168,-35,-311,624
-3510,714,-1169,-29,-220,503
-3461,710,-1171,-4,-151,386
-3362,700,-1155,24,-74,270
-3249,662,-1145,50,-7,143
-2941,512,-1015,44,147,-200
-2821,496,-976,29,199,-308
-2612,492,-938,68,272,-438
-2504,488,-877,124,307,-518
-2403,481,-827,184,337,-570
-2290,418,-766,221,361,-623
-2188,337,-712,229,370,-669
-2113,254,-670,194,382,-709
-2049,195,-621,126,382,-748
-2006,167,-598,45,379,-769
-1967,154,-580,-40,378,-782
-1940,205,-586,-102,374,-785
-1927,249,-605,-139,368,-780
-1905,270,-613,-147,358,-772
-1927,283,-623,-162,345,-764
-1896,288,-640,-167,336,-762
-1908,306,-675,-198,318,-749
-1929,328,-720,-234,304,-740
-1982,362,-734,-264,305,-735
-2030,448,-839,-320,295,-730
-2056,553,-864,-318,270,-719
-2108,594,-872,-319,237,-690
-2217,637,-927,-438,138,-556
-2226,671,-1316,-741,-6,-335
-2264,762,-1410,-823,-34,-280
-2304,864,-1444,-908,-43,-235
-2317,943,-1492,-1000,-35,-185
-2300,1013,-1550,-1085,-1,-149
-2282,1113,-1637,-1146,52,-124
-2247,1268,-1730,-1142,119,-118
-2188,1426,-1799,-1067,204,-121
-2114,1550,-1820,-908,286,-133
-2039,1614,-1849,-716,366,-140
-1970,1591,-1802,-528,437,-150
-1953,1520,-1749,-386,497,-153
-1932,1431,-1708,-300,544,-147
-1870,1392,-1634,-243,602,-110
-1801,1410,-1593,-225,631,-88
-1700,1418,-1585,-198,646,-76
-1629,1404,-1597,-177,644,-65
-1574,1416,-1557,-157,645,-62
-1533,1428,-1552,-130,636,-51
-1492,1429,-1570,-99,626,-32
-1459,1410,-1560,-49,609,-8
-1400,1401,-1581,16,595,12
-1351,1391,-1580,88,563,42
-1286,1386,-1602,174,518,68
-1201,1317,-1575,356,343,155
-1193,1297,-1549,400,273,193
-1190,1308,-1520,439,210,229
-1215,1294,-1446,543,104,296
-1309,1218,-1367,613,29,362
-1430,1108,-1316,625,-11,409
-1533,967,-1288,584,-55,483
-1619,925,-1298,549,-78,523
-1675,903,-1318,527,-93,557
-1756,895,-1322,517,-107,584
-1862,860,-1343,513,-120,597
-1927,814,-1355,521,-142,596
-1977,759,-1368,517,-163,581
-2015,685,-1384,519,-185,561
-2047,628,-1385,509,-204,536
-2113,619,-1371,507,-223,516
-2168,611,-1347,501,-238,500
-2200,603,-1296,490,-245,486
-2248,540,-1259,461,-247,466
-2305,470,-1238,404,-248,438
-2321,427,-1221,313,-251,400
-2346,418,-1210,216,-245,362
-2344,445,-1212,130,-233,327
-2310,509,-1246,-14,-169,194
-2292,523,-1242,-50,-143,156
-2255,537,-1249,-113,-87,97
-2188,567,-1243,-148,-60,72
-2142,590,-1246,-169,-37,56
-2108,613,-1244,-178,-19,36
-2070,630,-1255,-187,-10,29
-1978,683,-1231,-203,8,20
-1916,728,-1205,-242,11,18
-1878,773,-1199,-261,18,32
-1820,831,-1194,-261,20,46
-1787,890,-1216,-259,21,72
-1740,963,-1216,-234,14,104
-1676,1001,-1246,-202,4,139
-1600,1026,-1266,-176,-7,190
-1535,1070,-1295,-153,-31,243
-1477,1131,-1310,-129,-63,308
-1371,1220,-1318,-66,-121,438
-1309,1253,-1333,-6,-159,536
-1225,1293,-1322,67,-205,641
-1190,1314,-1343,132,-246,743
-1147,1331,-1329,229,-295,883
-1047,1253,-1382,330,-360,1037
-920,1110,-1376,465,-554,1490
-878,1041,-1329,425,-621,1670
-848,990,-1291,359,-673,1824
-795,947,-1262,264,-727,1978
-786,935,-1225,157,-780,2124
-746,927,-1164,52,-828,2274
-752,914,-1101,-52,-877,2426
-744,867,-1029,-156,-910,2565
-746,809,-944,-292,-934,2723
-808,734,-879,-454,-941,2879
-845,673,-817,-647,-938,3046
-951,611,-522,-1400,-898,3608
-1013,608,-428,-1699,-886,3804
-1127,587,-318,-2030,-850,3984
-1209,593,-175,-2398,-810,4157
-1222,624,15,-2775,-768,4314
-1235,574,193,-3188,-703,4482
-1321,573,378,-3646,-625,4630
-1339,565,574,-4139,-522,4771
-1373,585,805,-4656,-451,4929
-1746,510,1538,-5714,-285,5277
-1984,642,2010,-6508,-126,5587
-2262,789,2431,-7203,13,5850
-2613,839,2729,-7855,213,6038
-4061,1527,3811,-9122,973,5922
-4913,1946,4216,-9187,1509,5750
-5937,2676,4703,-8843,2124,5537
-6736,3614,4815,-8022,2926,5207
-7668,4690,4886,-4796,4681,4536
-7938,4451,6234,-2258,6132,4042
-8163,3608,8184,-625,7524,3552
-8091,2825,9939,372,8982,2919
-7472,2921,11161,954,10285,2172
-5808,4251,12150,1693,11083,1160
-3329,5608,13295,2757,11335,-120
110,6426,13935,3827,11081,-1693
4452,5540,13646,4351,10052,-3584
10310,581,11825,2030,7566,-6483
11948,-1892,6484,-4175,5398,-6212
11664,443,3547,-4997,4742,-4622
11390,2494,776,-3609,3814,-2773
10476,3421,-813,-865,2661,-1096
7484,1622,-375,2606,650,1407
5286,399,249,2810,-408,2566
2618,648,958,1774,-1594,3363
1080,1886,1447,1119,-2193,3376
-110,2929,1771,942,-2592,3136
-2810,4358,2621,1650,-2830,1601
-3289,4551,2625,2138,-2619,823
-3448,4353,2632,2534,-2361,180
-3375,4086,2537,2807,-2074,-391
-3221,3794,2466,3002,-1775,-863
-3031,3493,2311,3137,-1482,-1237
-2866,3254,2089,3276,-1196,-1511
-2618,3033,1868,3456,-942,-1711
-2382,2809,1703,3669,-724,-1832
-2022,2523,1526,4049,-374,-1914
-1742,2372,1394,4333,-220,-1880
-1592,2240,1337,4593,-132,-1843
-1407,1932,1416,5000,-53,-1762
-1438,1689,1490,5138,-54,-1684
-1409,1520,1570,5143,-61,-1601
-1331,1359,1545,5081,-68,-1503
-1361,1221,1441,4983,-57,-1397
-1388,1069,1329,4863,-48,-1299
-1443,593,1034,4315,-40,-1046
-1408,482,947,3962,-6,-973
-1439,409,869,3670,16,-882
-1542,358,768,3414,29,-787
-1562,338,702,3195,28,-690
-1531,314,282,2726,7,-368
-1491,246,138,2612,-39,-270
-1577,214,27,2509,-96,-201
-1619,200,-62,2397,-130,-141
-1663,210,-127,2269,-170,-65
-1729,229,-145,2168,-189,18
-1795,208,-194,2024,-194,191
-1847,156,-293,1932,-171,310
-1905,119,-405,1836,-158,412
-1977,70,-462,1711,-139,486
-2049,-52,-573,1522,-126,555
-1993,-108,-705,1277,-113,606
-1910,-123,-934,997,-145,637
-1806,-67,-1167,731,-194,648
-1759,282,-1467,386,-397,616
-1938,619,-1388,344,-517,592
-2110,855,-1106,429,-559,575
-2193,944,-945,521,-529,551
-2254,974,-815,685,-410,462
-2258,881,-831,661,-310,377
-2268,793,-826,555,-251,304
-2330,744,-823,403,-200,225
-2302,752,-860,246,-157,163
-2194,986,-1059,152,-141,14
-2179,989,-997,175,-145,31
-2151,952,-980,165,-141,60
-2137,920,-924,119,-149,91
-2100,920,-892,42,-158,130
-2061,976,-869,-52,-170,170
-2002,1071,-874,-137,-181,211
-1907,1224,-900,-216,-198,284
-1868,1316,-932,-202,-193,317
-1847,1372,-914,-164,-190,343
-1863,1402,-877,-111,-173,368
-1880,1434,-844,-50,-152,388
-1904,1446,-803,9,-128,406
-1889,1451,-792,67,-107,407
-1844,1442,-794,168,-66,385
-1838,1434,-803,217,-42,359
-1874,1368,-782,231,-11,331
-1862,1361,-780,221,24,304
-1849,1301,-778,217,73,258
-1831,1233,-742,222,92,238
-1855,1217,-735,238,103,218
-1888,1164,-748,254,101,188
-1902,1111,-750,268,97,159
-1951,1017,-772,266,89,129
-1953,908,-758,68,19,57
-1953,925,-792,3,-10,23
-1980,979,-808,-54,-29,-12
-1980,1077,-806,-175,-69,-69
-1939,1141,-859,-252,-82,-86
-1891,1159,-895,-307,-95,-93
-1912,1184,-940,-381,-95,-104
-1900,1212,-972,-442,-84,-104
-1897,1275,-1004,-493,-63,-97
-1890,1348,-1021,-522,-32,-76
-1888,1468,-1083,-483,43,-21
-1861,1533,-1132,-424,94,12
-1850,1593,-1156,-314,151,71
-1823,1643,-1157,-247,180,116
-1798,1677,-1157,-185,200,150
-1767,1743,-1147,-129,215,190
-1727,1800,-1127,-55,234,224
-1675,1890,-1174,42,249,264
-1575,2044,-1256,290,271,332
-1495,2104,-1334,487,271,387
-1398,2056,-1357,629,272,456
-1326,1985,-1345,729,260,552
-1230,1940,-1362,772,246,672
-1118,1836,-1441,788,225,822
-850,1720,-1596,820,113,1360
-772,1671,-1589,847,58,1562
-737,1573,-1496,873,-10,1771
-716,1494,-1409,901,-85,1989
-662,1420,-1300,917,-165,2207
-584,1290,-1204,925,-269,2442
-508,860,-876,720,-564,3081
-501,640,-675,502,-664,3335
-434,424,-526,256,-737,3537
-429,223,-414,-34,-824,3729
-429,81,-241,-370,-922,3924
-459,-56,-11,-739,-1031,4145
-517,-244,309,-1141,-1149,4387
-625,-584,706,-1640,-1252,4660
-927,-1256,1433,-2889,-1355,5230
-1426,-1596,1972,-3953,-1390,5694
-1868,-1713,2559,-4929,-1395,6122
-2346,-1650,3282,-5904,-1372,6528
-3002,-1786,4065,-6860,-1231,6816
-3592,-2218,4550,-7895,-903,6924
-4330,-2154,4956,-8984,-470,6848
-6251,-374,4929,-10217,533,6265
-7532,1480,5092,-9905,1443,5651
0,0,0,0,0,0
-7455,4699,10301,-3842,7192,4614
-6086,5435,11756,-2223,8988,4536
-5460,6631,13392,-136,10487,4054
-4456,7479,15888,2225,11782,3001
967,9015,18225,5026,12665,-592
5461,8332,16863,5006,11857,-3257
8486,6942,14615,3831,10539,-5492
9929,4654,12274,1796,9226,-7371
11653,2158,9780,-806,8088,-8381
12305,706,7149,-3418,7116,-8203
11328,3709,131,-3248,4733,-3789
10841,3674,-915,-658,3384,-1882
9354,2980,-932,1399,2179,-386
6045,954,-41,3017,268,1688
4273,381,360,2675,-469,2332
2949,386,583,1920,-921,2598
1930,896,897,1106,-1270,2627
1000,1783,1323,555,-1612,2469
-908,3187,2085,641,-2266,1819
-1882,3457,2443,1125,-2511,1297
-2492,3430,2720,1586,-2565,788
-2897,3185,2794,1915,-2452,267
-3162,2984,2666,2061,-2208,-241
-3225,2681,2214,2139,-1263,-1385
-3096,2632,2095,2164,-931,-1618
-2944,2593,1954,2261,-634,-1754
-2799,2606,1801,2451,-365,-1838
-2476,2587,1437,3084,43,-1908
-2326,2548,1326,3564,204,-1919
-1980,2282,1250,4400,348,-1907
-1847,2059,1245,4771,380,-1855
-1682,1818,1241,4992,385,-1803
-1616,1564,1262,5121,370,-1732
-1637,1373,1203,5195,335,-1639
-1562,951,1139,5154,280,-1422
-1529,684,1078,5000,238,-1268
-1488,428,1030,4798,227,-1131
-1675,-33,798,3808,313,-746
-1619,-12,706,3442,362,-601
-1692,31,549,3179,382,-468
-1739,90,370,2992,394,-361
-1697,153,276,2877,378,-264
-1752,64,166,2675,296,-104
-1713,-53,106,2501,264,-29
-1779,-89,-33,2290,245,29
-1747,-46,-216,2082,238,79
-1841,35,-493,1597,170,245
-1745,175,-611,1471,182,365
-1628,192,-883,1440,140,442
-1443,182,-1147,1386,35,505
-1365,146,-1362,1266,-162,553
-1604,311,-1347,1151,-341,603
-2004,608,-869,1123,-488,713
-2144,657,-692,1140,-459,746
-2226,617,-673,1089,-395,771
-2346,550,-651,950,-319,765
-2336,493,-679,746,-255,746
-2295,644,-843,360,-202,687
-2286,839,-970,245,-226,639
-2265,1013,-1062,251,-259,594
-2292,1089,-1101,318,-289,547
-2359,1078,-1089,405,-294,488
-2367,922,-999,462,-276,383
-2281,810,-945,372,-255,298
-2139,977,-978,378,-261,228
-2103,940,-922,414,-269,206
-2096,878,-869,413,-267,185
-2074,838,-772,360,-265,180
-2041,825,-721,275,-257,174
-1932,894,-753,43,-228,191
-1902,954,-783,0,-221,199
-1905,993,-805,-9,-216,219
-1880,1044,-796,9,-219,262
-1907,1065,-774,20,-224,281
-1930,1094,-764,25,-234,295
-1938,1098,-751,27,-226,298
-1960,1045,-800,-6,-220,282
-1976,997,-810,-48,-212,275
-1968,1008,-819,-89,-192,279
-1962,1027,-853,-113,-184,290
-1890,1060,-883,-118,-160,326
-1805,990,-860,-165,-135,387
-1715,967,-852,-227,-115,446
-1619,948,-869,-290,-97,525
-1495,910,-890,-362,-82,635
-1408,919,-946,-431,-79,752
-1233,884,-989,-546,-125,1014
-1154,847,-1000,-602,-168,1180
-1081,811,-996,-655,-207,1358
-1015,801,-1029,-705,-253,1556
-964,801,-1024,-741,-304,1780
-996,674,-865,-877,-533,2484
-948,556,-738,-1010,-614,2753
-1069,201,297,-2852,-1016,4255
-1067,221,525,-3284,-1026,4503
-1053,168,801,-3653,-1025,4733
-1137,120,1094,-4043,-1013,5011
-1558,-22,1766,-4968,-1062,5653
-1830,-3,2192,-5579,-1080,6032
-2269,18,2725,-6165,-1118,6290
-2788,-431,3349,-6818,-1096,6439
-4484,-1170,4332,-8735,-472,6355
-5820,-555,4206,-9722,130,6021
-7217,313,4109,-9992,829,5548
-8159,1518,3677,-9499,1870,5070
-8719,3573,3350,-7915,2965,4612
-9083,6261,5777,-2695,5380,3830
-8698,5957,7860,343,6793,2906
-8047,5477,10237,2411,7884,1569
-6307,5178,13104,3382,8651,-19
184,6172,16304,2642,8832,-2988
4858,5847,15610,1381,8229,-4442
7702,4419,13642,27,7385,-5627
12428,1634,9037,-2762,6004,-6555
13052,2037,5586,-3909,5461,-5263
11731,3329,2591,-3544,5137,-3576
8431,2782,-903,2511,3146,438
7166,1212,-868,3553,2098,1652
3319,433,275,2753,-643,2835
2077,791,624,2069,-1450,2777
966,1215,1069,1487,-1982,2486
-29,1560,1659,960,-2342,2059
-893,1906,2352,479,-2511,1590
-2006,2963,3132,-15,-2349,768
-2539,3766,2846,352,-2060,292
-2713,4303,2608,1119,-1774,-166
-2740,4373,2583,2095,-1472,-611
-2697,4070,2647,2951,-1167,-1011
-2488,2993,2587,3841,-681,-1515
-2393,2038,2288,3827,-239,-1759
-2349,1763,2014,3631,5,-1779
-2303,1666,1648,3476,220,-1728
-2338,1723,1393,3418,427,-1671
-2028,1951,1190,3675,741,-1604
-1919,1979,1164,3990,815,-1575
-1856,1955,1224,4325,845,-1557
-1697,1885,1213,4625,855,-1529
-1640,1795,1152,4896,829,-1483
-1533,1290,1099,5182,736,-1410
-1517,1025,1081,5130,666,-1354
-1482,478,871,4367,593,-1120
-1393,407,728,3950,592,-1007
-1399,397,607,3623,571,-910
-1413,402,468,3355,558,-821
-1362,399,324,3115,538,-736
-1487,315,169,2706,443,-563
-1439,444,-176,2285,365,-280
-1434,555,-256,2286,341,-194
-1383,596,-348,2344,297,-98
-1409,588,-359,2430,222,12
-1442,555,-377,2489,153,135
-1457,463,-371,2514,83,249
-1514,367,-333,2473,43,359
-1527,262,-340,2383,20,456
-1545,181,-431,2241,21,539
-1607,118,-506,2067,19,593
-1639,70,-575,1860,29,628
-1713,44,-645,1640,24,661
-1836,65,-691,1426,18,673
-1813,37,-761,1232,-6,689
-1804,-7,-919,1017,-67,700
-1741,-37,-1102,797,-167,718
-1688,16,-1321,591,-314,734
-2119,537,-1323,402,-605,760
-2304,623,-1163,445,-611,755
-2427,629,-990,469,-530,698
-2432,612,-1001,407,-461,642
-2391,577,-1068,309,-408,583
-2391,601,-1124,189,-373,519
-2357,698,-1175,79,-351,445
-2360,783,-1174,-3,-338,365
-2409,883,-1118,-37,-327,285
-2465,933,-1065,-33,-315,214
-2363,902,-1133,27,-241,-1
-2258,858,-1177,49,-212,-64
-2197,824,-1161,63,-188,-107
-2140,820,-1105,59,-181,-129
-2054,795,-1075,43,-187,-109
-2009,777,-1040,14,-202,-77
-1962,809,-1014,-27,-217,-43
-1904,849,-981,-63,-241,8
-1803,915,-875,-146,-265,108
-1726,969,-858,-210,-262,183
-1663,1028,-878,-267,-243,277
-1547,1119,-937,-323,-228,388
-1429,1213,-1026,-365,-242,502
-918,1455,-1233,-273,-409,901
-863,1457,-1282,-220,-479,1122
-773,1419,-1287,-202,-530,1348
-663,1355,-1277,-207,-595,1598
-609,1369,-1323,-234,-638,1854
-503,1431,-1339,-226,-699,2109
-467,1486,-1275,-110,-867,2585
-516,1327,-1160,-46,-978,2868
-677,1154,-1006,-55,-1048,3118
-705,1010,-858,-132,-1094,3394
-744,866,-740,-265,-1164,3686
-803,733,-659,-441,-1238,3997
-978,391,-230,-878,-1469,4600
-1181,-331,743,-2377,-1686,5660
-1351,-425,1121,-3076,-1769,6122
-1667,-403,1618,-3708,-1853,6585
-2017,-311,2336,-4349,-1926,7007
-2334,-520,3069,-5075,-1915,7362
-2712,-813,3397,-5921,-1728,7601
-2949,-754,3502,-6781,-1420,7644
-3498,82,3596,-7705,-801,7442
-4063,459,3640,-7738,-166,7211
-4642,992,3412,-7410,480,7034
-5056,1792,3027,-6695,1229,6904
-6258,3452,5129,-2857,3944,6366
-6071,3321,7154,-1422,5251,5777
0,0,0,0,0,0
-5106,3308,10285,-209,7786,4147
-3495,5701,13509,1833,9652,1751
-1103,6575,14849,3370,10233,-357
2426,6062,15351,4139,10192,-2569
5951,4827,14844,3640,9744,-4643
8023,3224,13063,1995,9157,-6416
9607,655,10928,-435,8606,-7484
11892,996,6454,-4439,7613,-6244
12279,3007,3041,-3972,6769,-4195
12082,4008,306,-1804,5599,-2313
11500,3523,-927,919,4240,-708
10132,2026,-1148,2878,2920,605
8659,480,-1087,3622,1765,1582
5230,-340,-84,2035,-1170,2555
3869,300,489,1090,-2059,2405
2690,995,1021,433,-2720,2073
1542,1773,1616,118,-3215,1615
-333,2883,2830,266,-3613,678
-1272,3073,3292,550,-3531,239
-1973,3137,3606,741,-3268,-145
-2760,3426,3620,1341,-1956,-1238
-2752,3522,3255,1773,-1410,-1648
-2661,3535,2976,2219,-1011,-1934
-2443,3445,2793,2681,-623,-2169
-2195,3263,2559,3104,-286,-2333
-2050,3047,2363,3473,20,-2475
-1838,2869,2213,3811,287,-2582
-1670,2732,2082,4104,503,-2658
-1422,2507,1828,4611,762,-2758
-1177,2336,1719,4891,823,-2800
-1070,2174,1679,5098,824,-2819
-1016,2040,1660,5227,818,-2833
-918,1839,1579,5283,762,-2804
-931,1622,1614,5255,716,-2752
-970,1431,1618,5160,679,-2664
-1060,1206,1508,5013,664,-2556
-1093,1053,1431,4841,665,-2444
-1036,961,1327,4662,664,-2292
-1096,847,1181,4480,661,-2124
-1131,690,882,4173,662,-1758
-1223,662,654,3985,693,-1203
-1279,634,520,3960,681,-998
-1322,577,444,3928,653,-824
-1308,494,338,3870,613,-660
-1407,156,128,3383,543,-301
-1473,82,6,3039,518,-186
-1515,59,-69,2745,486,-87
-1461,85,-127,2466,448,18
-1473,152,-202,2242,391,147
-1471,187,-282,2091,354,255
-1452,174,-431,1886,285,423
-1456,113,-484,1780,253,506
-1514,80,-511,1681,219,578
-1612,-11,-511,1569,165,659
-1755,-112,-485,1414,114,728
-1800,-182,-558,1214,78,785
-1837,-249,-669,992,58,826
-1815,-269,-937,746,8,825
-1632,-111,-1533,321,-245,771
-1851,186,-1697,199,-488,729
-2170,429,-1561,202,-641,701
-2337,566,-1308,296,-721,675
-2470,614,-1103,419,-730,648
-2544,625,-1005,468,-704,619
-2525,563,-1021,432,-667,594
-2479,521,-1116,157,-603,466
-2486,597,-1121,-30,-569,362
-2497,933,-1177,-161,-250,-61
-2445,910,-1217,-63,-167,-135
-2355,839,-1245,14,-119,-182
-2267,765,-1237,49,-76,-217
-2202,681,-1215,55,-53,-224
-2184,636,-1139,35,-49,-216
-2131,605,-1063,1,-51,-194
-2120,593,-974,-148,-64,-160
-2069,689,-922,-232,-77,-151
-2035,811,-927,-257,-85,-140
-1981,906,-915,-253,-90,-131
-1919,962,-903,-237,-105,-113
-1880,971,-877,-235,-121,-95
-1857,989,-860,-244,-135,-64
-1821,1038,-854,-308,-134,16
-1788,1065,-895,-335,-114,80
-1746,1154,-958,-351,-91,153
-1670,1250,-1088,-320,-28,371
-1541,1230,-1151,-287,2,531
-1372,1210,-1236,-274,8,702
-1174,1306,-1342,-223,2,910
-961,1222,-1412,-115,-39,1175
-784,1113,-1463,-73,-93,1457
-665,1029,-1481,-98,-152,1773
-478,1108,-1511,-186,-345,2759
-389,1139,-1474,-137,-442,3153
-334,1161,-1410,-79,-535,3530
-254,1101,-1053,-73,-812,4596
-216,970,-843,-157,-894,4990
-198,792,-633,-354,-978,5363
-262,600,-318,-697,-1046,5744
-271,390,19,-1193,-1101,6130
-259,99,365,-1838,-1120,6492
-256,-193,1161,-3312,-1159,7097
-540,-260,2080,-4916,-1386,7784
-1097,-262,2910,-5779,-1628,8159
-1576,-269,3701,-6635,-1744,8411
-2237,-206,4300,-7538,-1671,8521
-3131,-13,4509,-8393,-1326,8342
-5622,1300,5007,-9568,-190,7350
-6884,2702,5456,-9653,834,6563
-7749,4269,5989,-8890,1941,5976
-8236,6418,6631,-7065,3381,5634
-8181,7705,7178,-4220,4962,5240
-7723,6287,9506,1437,7989,4051
-6790,4537,12187,3118,9585,2830
-5169,3194,14163,3213,10764,1496
3061,5083,14054,1949,10814,-2731
7471,4425,13340,1703,9448,-4388
9970,2170,12106,838,8182,-5621
13479,-898,7624,-2990,6387,-5849
13221,497,5334,-4339,5772,-4466
12715,2569,2559,-3753,5279,-2780
9083,2430,-903,2571,2848,900
7405,868,-502,3436,1791,1591
5886,-122,-260,3216,926,1897
4582,-294,-38,2434,181,1957
3454,97,358,1500,-471,1892
2481,993,808,781,-1057,1710
1610,1883,1262,460,-1561,1441
731,2646,1681,480,-1923,1072
-690,3237,2546,909,-2260,293
-1335,3134,2997,1067,-2252,-145
-1820,3018,3296,1092,-2102,-524
-2113,2936,3328,1027,-1794,-880
-2262,3014,3121,1016,-1404,-1190
-2390,3374,2580,1488,-655,-1642
-2294,3438,2374,2020,-265,-1808
-2171,3495,2174,2612,39,-1923
-1939,3423,1976,3268,261,-1997
-1433,2986,1790,5080,547,-2174
-1329,2734,1863,5629,585,-2244
-1170,2496,1818,5978,573,-2285
-1104,2134,1761,6158,559,-2303
-1060,1856,1727,6203,505,-2297
-1123,1345,1602,5887,435,-2212
-1174,1090,1484,5525,417,-2089
-1255,994,1397,5161,396,-1965
-1302,906,1291,4812,396,-1845
-1337,848,1206,4506,397,-1729
-1385,674,775,3813,411,-1374
-1460,620,677,3610,420,-1237
-1497,515,485,3306,416,-986
-1549,467,374,3149,423,-842
-1576,499,243,3061,429,-722
-1579,538,125,3030,424,-608
-1624,575,88,3042,405,-508
-1679,555,71,3068,394,-407
-1718,447,-17,3078,375,-231
-1749,371,-91,3041,364,-145
-1723,319,-105,2980,355,-70
-1677,215,-167,2872,343,11
-1645,99,-195,2716,323,75
-1581,-36,-215,2477,325,139
-1551,-266,-401,1487,328,335
-1574,-182,-511,1181,334,406
-1620,-84,-643,984,336,482
-1633,-24,-790,867,353,545
-1259,-86,-1329,764,205,670
-1135,19,-1747,682,-51,719
-1710,476,-1509,736,-443,826
-2034,481,-1154,829,-521,902
-2217,401,-939,854,-526,938
-2342,357,-883,769,-492,930
-2399,308,-901,575,-441,906
-2424,287,-988,336,-386,853
-2340,502,-1190,-112,-332,713
-2405,911,-1397,-242,-372,455
-2455,973,-1372,-144,-385,372
-2462,981,-1347,-41,-371,305
-2416,944,-1324,42,-348,248
-2353,923,-1299,86,-318,198
-2191,849,-1277,76,-262,115
-2120,828,-1177,36,-231,71
-2046,829,-1131,-9,-204,44
-2048,848,-1075,-47,-174,10
-2023,857,-1039,-87,-143,-18
-1897,925,-1019,-136,-72,-18
-1826,925,-1032,-96,-65,28
-1818,891,-1009,-93,-68,67
-1833,838,-982,-149,-76,102
-1816,809,-998,-247,-73,134
-1815,769,-1004,-367,-80,159
-1808,890,-1059,-595,-87,198
-1781,1004,-1121,-636,-104,234
-1721,1099,-1168,-603,-133,270
-1610,1198,-1280,-514,-164,335
-1520,1222,-1381,-382,-194,422
-1414,1130,-1497,-270,-215,525
-1112,910,-1613,-222,-292,801
-887,787,-1691,-293,-373,1028
-795,810,-1753,-373,-472,1287
-713,830,-1777,-428,-580,1577
-658,861,-1774,-474,-698,1918
-508,898,-1637,-618,-1081,3012
-383,915,-1561,-686,-1237,3366
-288,1000,-1456,-734,-1374,3696
-214,1081,-1349,-766,-1523,4019
-150,1100,-1061,-839,-1818,4546
-167,933,-713,-921,-1978,4796
-423,-160,673,-1908,-2194,5490
-538,-663,1355,-2730,-2184,5860
-691,-922,1954,-3566,-2178,6230
-990,-1108,2632,-4359,-2260,6612
-1470,-1618,3743,-5186,-2407,7000
-3388,-2947,5858,-7364,-2219,7445
-4888,-3325,7198,-8976,-1625,7346
-5906,-2737,7741,-10393,-678,7021
-7169,-916,8029,-11006,388,6460
-8642,4416,7509,-8416,3173,5977
-8483,6280,8257,-4463,5151,5970
-8294,6012,9912,-934,7120,5776
-7448,4506,12638,1335,9065,5212
-5728,4177,15091,2060,10858,4167
-772,7260,15754,2196,12437,1139
3795,9067,15152,2798,11885,-1002
7265,7829,14472,3009,10639,-2993
9500,5080,13199,1967,9292,-4875
10853,1791,11102,-487,8176,-6226
12147,1636,6122,-5175,6923,-6199
11397,3941,-426,-396,4380,-2672
10205,2188,-483,1486,3092,-1234
8388,586,-561,2030,2074,-67
6576,-358,-514,1723,1214,881
2607,1547,-10,459,-482,2230
645,2919,738,1416,-1344,2089
-350,2916,1347,2084,-1714,1813
-1157,2798,1895,2475,-1943,1486
-1789,2618,2244,2604,-2040,1141
-2283,2361,2392,2494,-2030,778
-2688,2315,2418,1991,-1648,103
-2757,2404,2222,1713,-1329,-239
0,0,0,0,0,0
-2601,2756,1854,1527,-753,-737
-2297,3126,1510,1973,-349,-1021
-2176,3263,1434,2517,-190,-1159
-2063,3285,1356,3097,-83,-1282
-1954,3199,1267,3687,-7,-1389
-1813,3073,1253,4254,50,-1489
-1508,2518,1179,5062,44,-1611
-1468,2201,1160,5278,27,-1647
-1458,1974,1222,5337,-5,-1631
-1550,1640,1243,5116,19,-1519
-1641,1559,1066,4894,84,-1435
-1674,1481,965,4706,142,-1397
-1590,1432,895,4541,193,-1367
-1575,1341,799,4379,225,-1327
-1694,915,496,3643,335,-973
-1685,862,344,3530,373,-882
-1628,798,258,3474,398,-804
-1591,737,211,3428,421,-731
-1610,670,161,3393,433,-635
-1648,609,122,3357,430,-525
-1669,487,159,3283,407,-257
-1697,350,100,3223,394,-82
-1664,251,12,3138,387,59
-1584,147,-93,3019,381,200
-1555,60,-199,2871,369,316
-1488,-23,-237,2682,352,429
-1544,-167,-304,2198,264,674
-1594,-204,-351,1882,214,815
-1675,-220,-450,1610,172,935
-1754,-233,-605,1368,137,1037
-1687,-214,-745,1159,85,1118
-1604,-209,-1034,962,-34,1196
-1525,-159,-1309,769,-207,1254
-1781,232,-1534,499,-587,1295
-2108,495,-1388,518,-692,1290
-2312,632,-1290,615,-694,1249
-2409,671,-1189,737,-655,1182
-2427,647,-1167,799,-578,1099
-2390,495,-1162,512,-455,802
-2420,585,-1162,324,-429,682
-2429,645,-1160,209,-409,595
-2340,787,-1239,177,-350,350
-2260,779,-1263,240,-338,279
-2138,696,-1223,307,-319,222
-2146,641,-1166,269,-310,218
-2127,590,-1104,179,-286,218
-2116,571,-1086,51,-254,228
-2072,591,-1056,-82,-226,248
-1983,816,-1065,-322,-169,281
-1897,977,-1118,-356,-136,307
-1794,1084,-1179,-330,-119,335
-1673,1185,-1267,-268,-126,388
-1582,1219,-1340,-179,-157,461
-1209,1027,-1435,-75,-274,684
-994,944,-1528,-86,-364,877
-776,974,-1559,-118,-467,1093
-531,1006,-1589,-147,-590,1363
-383,1017,-1616,-150,-724,1655
-240,974,-1689,-183,-956,2248
-300,1015,-1687,-224,-1062,2599
-384,1087,-1572,-320,-1194,3189
-553,1449,-1191,-369,-1370,4033
-618,1590,-1088,-358,-1420,4333
-646,1662,-968,-358,-1463,4600
-731,1691,-831,-416,-1491,4851
-760,1711,-712,-534,-1476,5112
-823,1811,-456,-844,-1411,5598
-853,1598,175,-1617,-1188,6310
-904,1404,473,-2041,-1035,6526
-953,1269,742,-2505,-890,6680
-1103,1338,1027,-2950,-748,6797
-1353,1405,1198,-3324,-635,6900
-2481,1369,1788,-3785,-418,6870
-3292,937,2113,-4088,-118,6688
-4132,533,2713,-4503,306,6375
-4917,57,3123,-5135,944,5914
-7494,34,4263,-6235,2213,4749
-8997,483,5123,-6703,3208,4157
-10135,1317,6610,-6733,4229,3629
-10272,2181,7906,-6222,5666,3221
-9593,3671,8933,-4676,7114,2828
-6998,4506,13152,-472,10018,2361
-5328,3854,15473,1594,11668,1955
-3598,4214,17428,2756,12857,1370
8605,6102,20299,4401,12277,-3452
12452,3380,17703,2503,10704,-6037
12403,1523,14821,-684,9749,-7549
12967,67,11873,-4259,9171,-7687
13026,1770,8395,-6561,8635,-6542
13153,6241,855,-3863,6912,-2999
11902,5729,-1603,-426,5242,-1238
8193,1975,-1564,2527,2497,727
6313,554,-978,2114,1233,1404
4813,480,-403,1235,346,1738
1639,2471,1073,123,-1301,1372
642,2869,1513,473,-1574,939
-115,3015,1864,929,-1707,540
-652,2939,2333,1380,-1748,177
-1125,2808,2825,1750,-1703,-129
-1839,2438,3092,2141,-1416,-645
-2053,2297,2971,2237,-1162,-918
-2089,2235,2761,2313,-921,-1113
-2113,2218,2374,2401,-673,-1251
-2151,2274,2074,2525,-423,-1346
-2068,2431,1605,2923,-27,-1434
-2073,2526,1348,3219,140,-1481
-1967,2548,1224,3559,256,-1522
-1770,2156,1094,4434,434,-1583
-1675,1995,1115,4599,493,-1568
-1652,1753,898,4756,526,-1531
-1738,1615,840,4755,516,-1498
-1729,1479,930,4724,492,-1464
-1687,1298,977,4627,480,-1398
-1743,1162,958,4475,466,-1323
-1739,1065,819,4158,466,-1171
-1743,1039,710,4038,464,-1066
-1717,1003,684,3982,465,-987
-1649,907,689,3931,466,-895
-1652,865,622,3879,471,-790
-1608,655,485,3761,457,-578
-1655,514,402,3673,435,-442
-1657,378,184,3392,318,-46
-1652,416,126,3344,267,116
-1651,409,103,3316,223,259
-1730,283,61,3192,188,500
-1717,215,41,3050,180,652
-1765,146,30,2875,179,778
-1804,81,19,2667,187,899
-1807,40,-75,2432,205,993
-1814,-40,-198,2173,233,1070
-1591,-204,-776,1578,139,1188
-1925,314,-1270,1038,-528,1246
-2263,384,-1035,1147,-619,1271
-2377,368,-896,1279,-606,1284
-2461,255,-852,1317,-550,1257
-2434,156,-876,1207,-474,1197
-2326,160,-1018,767,-434,1034
-2383,333,-1034,525,-456,911
-2419,515,-1013,395,-471,811
-2456,619,-1002,350,-475,708
-2473,648,-1018,336,-468,606
-2484,616,-1130,328,-411,428
-2454,571,-1189,315,-371,355
-2439,562,-1204,301,-328,299
-2370,570,-1208,280,-299,252
-2359,591,-1182,263,-269,211
-2244,651,-1116,201,-236,145
-2084,740,-985,39,-209,60
-2009,731,-959,-46,-196,54
-1945,760,-937,-131,-183,65
-1903,847,-931,-201,-179,92
-1847,907,-958,-241,-171,124
-1753,1029,-944,-236,-168,206
-1680,1083,-916,-224,-180,262
-1474,1143,-976,-210,-238,468
-1333,1242,-1080,-215,-296,602
-1144,1349,-1166,-169,-352,767
-972,1244,-1244,-118,-400,978
-755,1230,-1346,-146,-539,1361
-666,1284,-1376,-150,-640,1610
-576,1349,-1396,-128,-752,1860
-538,1407,-1458,-57,-873,2134
-481,1412,-1471,40,-1006,2428
-453,1439,-1479,250,-1293,3038
-509,1374,-1389,335,-1466,3403
-544,1328,-1296,372,-1596,3738
-586,1318,-1212,375,-1701,4083
-605,1280,-1076,330,-1802,4429
-595,1202,-674,-50,-1974,5106
-606,1151,-472,-461,-2050,5502
-582,1114,-253,-900,-2096,5842
-547,1164,-56,-1339,-2121,6136
-503,1207,137,-1748,-2123,6402
-497,1525,651,-2385,-2031,6799
-1406,1338,1298,-3111,-1858,7204
-2734,1138,2378,-3848,-1547,7278
-3460,951,2923,-4543,-1151,7149
-11017,3043,6570,-7090,3883,4387
-10352,4968,8352,-5448,5492,4008
-9214,5394,10061,-2979,7108,3698
-7981,5550,11813,-70,8733,3319
-5941,3141,17789,3666,12183,2153
-4181,4010,20654,4359,13864,997
-955,5508,22188,5053,14690,-676
4304,6695,22785,5786,14190,-3003
10401,5855,22924,5299,12769,-5374
14676,34,16770,-299,10491,-9159
15621,-184,13075,-4653,9594,-9082
15430,1530,9237,-7048,8999,-7524
14423,4278,4526,-6597,8204,-5312
12795,5643,-1929,-1278,5671,-1335
10931,3807,-2897,1102,4001,281
9372,2150,-2772,1935,2502,1265
7533,1114,-2359,1798,1086,1858
5917,971,-1777,1152,-111,2151
3463,1597,-588,-210,-1901,2120
2286,2209,389,-656,-2579,1761
1381,2627,1308,-823,-2969,1345
573,3036,2055,-760,-3178,954
-183,3278,2642,-509,-3312,603
-1304,3322,3504,291,-3086,2
-2373,3230,2731,2066,-1479,-887
-2360,3185,2635,2598,-1192,-1018
-2285,3029,2587,3079,-957,-1143
-2142,2643,2330,3710,-588,-1290
-2145,2429,2163,3918,-407,-1369
-2039,2181,1867,4108,-141,-1476
-1927,2167,1773,4191,-10,-1501
-1871,2103,1587,4284,83,-1513
-1865,2027,1482,4427,144,-1517
-1926,1802,1267,4645,206,-1516
-1941,1673,1186,4702,214,-1499
-1963,1449,1074,4685,211,-1454
-1956,1333,1045,4637,200,-1417
-1959,1184,1006,4474,188,-1282
-1979,1114,893,4402,182,-1168
-1923,1068,807,4362,182,-1067
-1879,925,702,4321,185,-972
-1796,690,622,4218,202,-811
-1796,613,533,4093,205,-711
-1830,576,483,3957,179,-604
-1837,542,471,3821,180,-492
-1847,444,393,3538,203,-310
-1847,383,278,3342,241,-224
-1710,395,-10,2925,305,-15
-1654,429,4,2864,300,84
-1624,355,5,2793,288,184
-1713,34,-68,2333,225,439
-1748,-37,-174,2048,217,534
-1733,-55,-274,1804,219,617
-1775,-22,-383,1584,218,702
-1821,24,-480,1393,224,761
-1825,54,-585,1221,220,815
-1897,19,-712,1060,187,868
-1761,-34,-882,905,114,919
-1576,-30,-1175,750,-43,969
-1259,26,-1550,588,-287,1009
-1389,320,-1829,489,-582,1016
-1687,661,-1631,507,-773,1043
-1976,799,-1319,603,-865,1081
-2332,825,-771,805,-725,1040
-2217,775,-916,573,-581,861
-2219,798,-1059,248,-504,635
-2354,849,-1010,67,-422,473
-2415,836,-1006,16,-365,400
-2285,862,-1120,39,-346,364
-2232,801,-1102,-7,-326,274
-2233,864,-978,-177,-265,242
-2122,1054,-964,-296,-159,249
-1950,1188,-1039,-281,-50,298
-1490,1181,-1165,-216,12,508
-918,1010,-1354,-330,-1,997
-375,1095,-1375,-459,-100,1705
64,1372,-1559,-405,-270,2633
395,1484,-1624,16,-660,3969
498,1406,-1508,124,-832,4462
409,1184,-1221,67,-1114,5192
178,997,-730,-371,-1430,5873
21,870,-102,-1123,-1723,6407
-187,504,445,-2196,-1923,6762
-919,-4,1579,-3555,-2105,7057
-2745,-542,3492,-5294,-2240,7417
-6305,-1693,5397,-7993,-1704,7263
-10707,-1532,7379,-11272,458,5833
-10848,3146,10244,-12710,3754,4665
-8116,8761,9688,-5423,7058,4597
-7165,3620,14944,3556,10737,4348
-3583,2733,18552,3322,13713,2703
6125,7051,19605,4480,12420,-1681
11726,1509,14580,1618,9352,-6543
12731,2500,5822,-7414,7136,-5248
12752,6180,142,-2806,5231,-2102
9533,2868,-1168,2053,2735,420
6212,666,-535,2163,827,1908
3605,1494,-119,863,-427,2320
1502,2818,822,593,-1252,1801
-13,3343,1746,1151,-1752,1005
-1215,3337,2494,1749,-1946,261
-1956,3095,2840,2171,-1736,-426
-2166,2862,2644,2480,-1272,-979
-2148,2861,2011,3047,-599,-1345
-1993,2879,1590,3852,-237,-1492
-1849,2589,1365,4614,-70,-1613
-1684,2186,1362,5058,-34,-1685
-1588,1797,1312,5204,-67,-1627
-1716,1430,1276,5046,-107,-1486
-1742,1186,1177,4686,-93,-1302
-1826,1097,1015,4258,-58,-1172
-1859,1042,905,3916,-2,-1046
-1875,913,742,3668,47,-919
-1852,644,521,3435,92,-789
-1883,545,432,3168,102,-634
-1855,580,275,2963,93,-436
-1744,448,71,2756,72,-126
-1683,311,-22,2548,88,56
-1757,275,-180,2247,87,263
-1689,259,-268,1973,98,441
-1632,208,-435,1711,111,569
-1696,168,-624,1467,42,722
-1619,1,-978,1177,-173,904
-1482,399,-1254,914,-552,1000
-1905,985,-845,1049,-738,1011
-2212,1003,-424,1247,-687,903
-2176,671,-403,1045,-570,725
-2187,582,-613,578,-504,545
-2220,657,-848,323,-454,414
-2382,691,-987,304,-405,333
-2253,711,-1153,467,-297,271
-2233,611,-1027,416,-257,270
-2159,605,-939,85,-195,313
-2086,838,-1009,-150,-144,349
-2046,936,-1089,-199,-83,421
-1943,1021,-1237,-234,24,599
-1605,1013,-1464,-337,104,878
-1105,1016,-1572,-466,95,1285
-557,1034,-1685,-524,-7,1900
346,1120,-1727,-554,-446,3239
626,1141,-1616,-469,-893,4181
827,1110,-1355,-442,-1407,5154
865,1053,-910,-602,-2010,6078
746,626,24,-1173,-2671,6927
262,-160,1372,-2601,-3243,7715
-891,-1625,3681,-5051,-3907,8471
-3963,-3104,7693,-8886,-4176,9097
-6912,-2951,9073,-11388,-3284,8666
-11759,640,10562,-12045,-876,7027
-12767,6661,11036,-7427,4211,6331
-10258,5737,13930,1355,9701,6611
-6168,657,19428,3668,14724,5395
-1010,4248,21474,4049,16048,2453
8094,6317,22373,5111,13242,-2223
14382,493,17463,171,10232,-6443
15666,-341,11245,-5938,8459,-7093
14635,4257,525,-1982,5874,-2030
10706,1925,-1349,1679,3184,758
6576,961,-1470,1313,980,1954
3348,2397,-640,-51,-697,2004
831,4065,317,113,-1845,1486
-937,4618,1397,1509,-2390,886
-2647,3443,3201,3082,-2116,-227
-2682,3136,2770,2963,-1453,-701
-2491,3174,2180,3171,-843,-1004
-2262,3105,1751,4011,-421,-1106
-1965,2950,1350,5076,-142,-1133
-1651,2440,1324,5958,-86,-1220
-1584,1832,1381,6181,-190,-1182
-1589,1207,1500,5877,-372,-1006
-1744,703,1451,5056,-425,-787
-1882,575,1104,4040,-323,-588
-1857,692,761,3354,-224,-466
-1848,798,514,3049,-180,-317
-1865,799,339,3086,-141,-178
