1,1,-1,1,1,-1
655,939,-1794,-76,153,180
663,887,-1797,-51,166,198
677,891,-1776,-54,171,210
686,863,-1786,-48,178,219
680,861,-1776,-70,182,223
658,854,-1793,-117,189,223
697,833,-1808,-153,195,224
680,898,-1833,-156,196,204
749,986,-1875,-126,180,187
747,954,-1871,-109,171,166
748,940,-1863,-99,151,126
758,958,-1859,-102,128,95
748,956,-1849,-112,120,64
732,972,-1842,-119,105,35
747,1000,-1848,-127,95,2
720,977,-1817,-222,103,-112
719,977,-1802,-260,101,-154
718,972,-1789,-299,96,-201
728,1001,-1767,-328,87,-248
769,1055,-1742,-376,41,-390
743,1044,-1726,-399,31,-441
748,1046,-1685,-436,27,-494
763,1065,-1676,-476,36,-546
772,1076,-1637,-516,41,-583
765,1067,-1588,-562,52,-632
734,1063,-1561,-611,75,-687
706,1087,-1548,-660,107,-738
715,1150,-1538,-701,137,-797
726,1215,-1536,-701,178,-854
721,1267,-1508,-683,219,-902
734,1332,-1493,-638,263,-939
712,1359,-1455,-581,304,-962
708,1399,-1407,-525,342,-967
727,1422,-1377,-463,385,-967
746,1463,-1366,-404,422,-967
721,1459,-1343,-360,454,-972
560,1486,-1292,-251,622,-988
533,1486,-1281,-238,663,-965
547,1499,-1264,-246,708,-942
529,1487,-1264,-263,743,-920
481,1483,-1229,-370,814,-892
449,1523,-1241,-456,857,-875
473,1705,-1291,-534,841,-883
470,1780,-1305,-527,792,-898
441,1853,-1341,-520,745,-907
416,1873,-1350,-520,705,-919
369,1833,-1357,-542,670,-932
317,1827,-1347,-599,647,-953
260,1800,-1344,-669,631,-961
219,1826,-1327,-752,623,-961
184,1844,-1321,-825,616,-949
181,1891,-1311,-880,621,-942
165,1944,-1304,-903,625,-948
171,2021,-1366,-891,630,-987
191,2103,-1370,-838,622,-1040
190,2127,-1359,-761,603,-1075
192,2159,-1360,-677,583,-1107
125,2061,-1375,-407,495,-1226
117,2046,-1359,-343,473,-1239
96,2032,-1356,-287,442,-1244
78,2001,-1366,-235,415,-1258
64,1965,-1373,-189,390,-1260
49,1935,-1377,-143,368,-1277
59,1945,-1371,-92,335,-1291
56,1956,-1373,-27,303,-1295
19,1907,-1356,41,263,-1293
-77,1812,-1297,195,169,-1222
-83,1760,-1273,235,147,-1173
-102,1796,-1262,274,120,-1142
-92,1796,-1253,316,87,-1099
-110,1797,-1217,425,14,-1031
-113,1769,-1179,475,-38,-993
-155,1737,-1163,492,-83,-953
-192,1691,-1143,484,-125,-913
-225,1673,-1138,462,-164,-866
-232,1670,-1119,446,-204,-819
-240,1664,-1093,435,-247,-764
-273,1659,-1052,427,-288,-719
-302,1773,-1036,485,-461,-517
-299,1804,-1038,523,-506,-448
-278,1854,-1034,551,-548,-371
-282,1843,-1036,567,-578,-293
-291,1844,-1020,570,-612,-213
-297,1872,-998,549,-645,-131
-297,1906,-1007,506,-664,-39
-265,1942,-1039,450,-682,54
-248,1919,-1059,374,-691,159
-279,1804,-1098,157,-687,267
-317,1747,-1147,-1,-668,299
-353,1901,-1364,-363,-557,358
-349,1965,-1457,-440,-499,392
-373,1980,-1490,-476,-437,397
-367,1968,-1540,-496,-362,376
-358,1967,-1606,-501,-288,332
-328,1984,-1679,-489,-202,266
-314,1981,-1718,-449,-121,193
-309,1950,-1727,-397,-37,107
-310,1919,-1728,-322,46,7
-326,1870,-1748,-237,121,-89
-246,1780,-1751,137,344,-369
-180,1755,-1734,244,376,-406
-140,1701,-1700,323,387,-427
-122,1649,-1658,366,386,-445
-100,1588,-1627,389,380,-464
-109,1486,-1605,377,354,-517
-96,1480,-1591,361,320,-551
-103,1498,-1583,353,295,-579
-90,1523,-1592,353,259,-602
-100,1524,-1585,362,214,-625
-105,1507,-1565,366,173,-656
-120,1497,-1542,370,116,-688
-126,1484,-1517,359,66,-716
-108,1517,-1484,292,-104,-735
-134,1540,-1462,290,-184,-739
-133,1538,-1464,284,-261,-739
-173,1541,-1441,273,-343,-746
-207,1510,-1402,255,-417,-753
-241,1447,-1361,209,-484,-758
-292,1423,-1340,132,-548,-773
-335,1420,-1333,49,-613,-774
-489,1518,-1300,-75,-844,-767
-541,1540,-1287,-95,-908,-766
-581,1535,-1292,-113,-963,-761
-621,1594,-1286,-133,-1052,-762
-666,1579,-1289,-140,-1103,-769
-697,1561,-1275,-153,-1141,-773
-719,1507,-1287,-171,-1174,-778
-755,1486,-1276,-210,-1195,-789
-777,1453,-1302,-254,-1211,-791
-817,1419,-1307,-296,-1220,-793
-845,1387,-1336,-333,-1222,-791
-877,1393,-1342,-357,-1219,-788
-883,1382,-1361,-358,-1207,-785
-910,1359,-1375,-331,-1196,-781
-931,1314,-1378,-305,-1183,-784
-959,1275,-1403,-270,-1160,-782
-1194,1304,-1299,-122,-938,-504
-1259,1387,-1261,-103,-890,-391
-1297,1475,-1240,-90,-849,-260
-1327,1571,-1215,-75,-801,-110
-1332,1958,-1171,-37,-640,453
-1283,2092,-1141,-17,-595,547
-1245,2144,-1151,10,-546,577
-1205,2150,-1132,19,-492,563
-1189,2105,-1144,1,-433,501
-1188,2060,-1160,-40,-360,417
-1208,2063,-1167,-82,-293,312
-1217,2077,-1152,-116,-224,216
-1233,2123,-1162,-124,-153,134
-1210,2152,-1173,-89,-96,79
-1210,2181,-1185,-23,-50,32
-1116,2193,-1211,190,-26,-2
-1058,2181,-1200,351,-52,-4
-1002,2035,-1126,529,-127,34
-975,1902,-1106,573,-195,71
-964,1797,-1071,552,-253,98
-948,1732,-1056,508,-309,131
-917,1722,-1066,440,-363,159
-889,1717,-1051,399,-426,191
-875,1739,-996,430,-603,271
-879,1722,-994,477,-671,313
-912,1673,-924,608,-862,503
-913,1641,-892,619,-912,555
-927,1624,-875,600,-953,603
-934,1615,-847,575,-993,645
-945,1644,-854,536,-1032,674
-964,1675,-858,517,-1059,710
-960,1708,-861,508,-1083,734
-959,1760,-866,522,-1109,743
-963,1786,-833,555,-1132,753
-978,1831,-844,631,-1163,756
-984,1830,-822,687,-1185,751
-1004,1825,-824,719,-1194,750
-1011,1851,-809,750,-1202,753
-1007,1855,-796,777,-1221,756
-1012,1867,-802,803,-1229,757
-993,1879,-787,824,-1244,768
-1009,1858,-776,831,-1262,785
-1021,1849,-740,813,-1283,809
-1022,1830,-750,769,-1301,851
-1024,1793,-738,707,-1321,892
-1042,1762,-730,627,-1341,936
-1222,1975,-853,171,-1371,1224
-1225,2003,-869,106,-1368,1265
-1252,2003,-958,-12,-1356,1279
-1285,1975,-1001,-103,-1332,1251
-1315,1949,-1040,-186,-1302,1209
-1370,1939,-1150,-306,-1216,1097
-1396,1961,-1205,-337,-1151,1005
-1433,1940,-1241,-338,-1081,917
-1445,1916,-1289,-329,-1005,825
-1470,1907,-1332,-308,-929,728
-1458,1909,-1391,-271,-853,639
-1457,1913,-1430,-205,-779,553
-1441,1895,-1460,-135,-720,477
-1410,1842,-1510,-3,-623,346
-1376,1776,-1523,66,-564,258
-1365,1739,-1537,103,-519,191
-1344,1709,-1552,112,-479,135
-1324,1712,-1575,124,-435,93
-1288,1710,-1597,138,-396,51
-1259,1708,-1618,155,-358,0
-1229,1698,-1634,174,-316,-48
-1093,1689,-1661,328,-164,-252
-1062,1682,-1644,378,-132,-293
-1001,1664,-1628,465,-58,-364
-972,1666,-1620,491,-33,-380
-941,1674,-1588,512,-27,-387
-924,1661,-1574,545,-32,-394
-907,1660,-1553,576,-40,-393
-880,1630,-1525,598,-53,-394
-873,1610,-1498,618,-75,-389
-876,1586,-1474,624,-101,-376
-855,1560,-1443,623,-127,-356
-846,1505,-1422,599,-186,-316
-836,1451,-1384,572,-237,-285
-836,1411,-1378,539,-277,-255
-854,1360,-1350,495,-321,-224
-899,1307,-1334,432,-350,-183
-948,1225,-1292,340,-373,-142
-977,1183,-1284,235,-375,-103
-1017,1172,-1261,137,-374,-67
-1062,1194,-1284,60,-367,-33
-1084,1228,-1299,32,-359,-2
-1282,1138,-1326,37,-263,64
-1361,1072,-1330,-8,-209,69
-1405,1078,-1333,-88,-138,73
-1445,1116,-1360,-146,-75,79
-1486,1136,-1377,-200,-15,77
-1610,1295,-1406,-302,162,49
-1679,1358,-1431,-321,235,22
-1700,1405,-1468,-318,298,-23
-1735,1447,-1486,-312,362,-82
-1753,1493,-1496,-290,425,-154
-1760,1514,-1491,-269,478,-249
-1757,1531,-1486,-251,538,-360
-1726,1532,-1491,-221,624,-581
-1706,1516,-1460,-219,662,-733
-1690,1499,-1432,-226,698,-865
-1663,1502,-1398,-252,727,-982
-1663,1517,-1372,-280,749,-1081
-1675,1535,-1350,-312,761,-1146
-1694,1580,-1313,-348,767,-1202
-1687,1635,-1280,-383,769,-1238
-1694,1739,-1274,-396,768,-1252
-1681,1835,-1197,-342,692,-1379
-1671,1852,-1164,-347,673,-1445
-1683,1833,-1147,-362,651,-1532
-1730,1812,-1112,-382,632,-1640
-1738,1811,-1074,-419,621,-1756
-1758,1799,-1051,-461,614,-1870
-1789,1798,-1014,-507,610,-1967
-1888,1848,-939,-569,594,-2142
-1921,1869,-885,-574,581,-2151
-1929,1862,-839,-580,553,-2157
-1955,1829,-792,-595,526,-2151
-1954,1775,-754,-632,497,-2144
-1921,1729,-747,-674,469,-2135
-1832,1632,-739,-758,442,-2147
-1799,1561,-753,-787,429,-2174
-1820,1509,-744,-804,420,-2188
-1816,1487,-733,-820,416,-2189
-1817,1474,-711,-822,419,-2173
-1839,1395,-710,-821,416,-2147
-1866,1353,-715,-817,410,-2105
-1865,1334,-695,-807,408,-2067
-1932,1223,-653,-748,366,-1819
-1912,1157,-649,-766,363,-1743
-1872,1089,-667,-770,365,-1654
-1869,1045,-719,-759,373,-1617
-1896,1041,-745,-734,367,-1580
-1924,970,-698,-701,368,-1551
-1947,919,-689,-654,356,-1505
-1953,855,-715,-627,349,-1453
-1973,792,-712,-612,342,-1396
-2037,656,-822,-598,353,-1230
-2074,680,-843,-565,361,-1176
-2105,642,-857,-535,371,-1122
-2140,610,-842,-510,375,-1075
-2153,597,-823,-495,382,-1040
-2140,573,-831,-479,383,-1009
-2103,548,-834,-460,376,-979
-2080,565,-869,-430,366,-948
-2032,578,-931,-354,344,-873
-2053,598,-964,-295,330,-800
-2101,563,-1030,-253,311,-707
-2098,600,-1108,-215,300,-673
-2151,743,-1103,-105,125,-419
-2159,690,-1149,-152,69,-293
-2194,603,-1199,-230,32,-205
-2211,520,-1297,-341,27,-159
-2226,512,-1401,-436,38,-145
-2243,623,-1451,-487,58,-141
-2268,790,-1484,-463,86,-126
-2268,917,-1503,-367,117,-103
-2263,1011,-1518,-232,141,-79
-2251,999,-1531,-105,168,-65
-2230,937,-1515,-25,188,-47
-2181,874,-1497,-13,213,-35
-2087,878,-1531,-85,283,-9
-2063,863,-1555,-70,293,-17
-2051,864,-1563,-50,297,-21
-2031,847,-1564,-18,293,-42
-2019,798,-1542,1,293,-49
-1965,758,-1527,10,298,-58
-1938,693,-1518,-4,303,-67
-1895,664,-1501,-14,307,-62
-1858,636,-1475,-36,319,-53
-1762,591,-1437,-127,350,25
-1729,616,-1448,-144,347,58
-1698,646,-1436,-146,346,96
-1663,636,-1451,-148,352,134
-1651,657,-1441,-160,354,165
-1647,674,-1461,-171,363,191
-1642,666,-1489,-203,366,211
-1648,692,-1504,-236,368,214
-1646,746,-1517,-261,358,206
-1613,823,-1561,-278,332,211
-1591,874,-1602,-255,302,205
-1556,870,-1605,-218,245,225
-1622,864,-1600,-210,203,259
-1690,863,-1591,-204,168,297
-1785,837,-1559,-103,84,426
-1772,849,-1539,-28,60,486
-1776,830,-1509,54,47,535
-1799,789,-1479,116,38,587
-1865,720,-1440,152,27,640
-1962,648,-1381,153,11,682
-2039,618,-1323,122,-3,715
-2286,805,-1335,63,-65,768
-2369,842,-1298,112,-102,735
-2400,868,-1270,155,-135,691
-2408,873,-1246,177,-160,639
-2404,846,-1235,186,-188,578
-2384,827,-1251,170,-207,503
-2387,814,-1233,129,-208,423
-2379,818,-1212,49,-201,270
-2378,815,-1214,-6,-185,178
-2342,785,-1180,-46,-156,50
-2320,780,-1187,-59,-131,-19
-2301,752,-1206,-52,-107,-67
-2293,732,-1236,-40,-74,-104
-2284,695,-1225,-16,-32,-130
-2266,675,-1221,2,5,-158
-2232,658,-1207,14,36,-177
-2207,630,-1195,22,71,-186
-2144,592,-1186,19,118,-175
-2116,585,-1173,-6,119,-160
-2114,576,-1167,-45,109,-145
-2104,591,-1188,-90,102,-129
-2035,753,-1257,-144,59,-88
-2059,787,-1266,-125,53,-77
-2036,812,-1280,-122,42,-67
-1999,829,-1274,-113,42,-56
-1941,800,-1311,-120,40,-48
-1925,827,-1340,-126,39,-42
-1908,830,-1378,-125,42,-32
-1889,821,-1406,-112,39,-15
-1891,792,-1408,-111,40,12
-1883,778,-1420,-108,32,45
-1904,798,-1415,-94,26,89
-1916,857,-1424,-25,5,163
-1893,876,-1416,38,-21,210
-1879,882,-1411,93,-38,243
-1868,854,-1393,125,-59,276
-1854,817,-1363,126,-72,314
-1834,804,-1333,116,-74,352
-1829,815,-1327,93,-77,395
-1811,883,-1302,94,-75,473
-1734,898,-1281,200,-87,584
-1685,844,-1278,220,-101,642
-1377,625,-1266,113,-153,952
-1239,563,-1225,-5,-160,1113
-1117,506,-1205,-123,-164,1272
-975,515,-1286,-341,-156,1654
-876,482,-1332,-479,-173,1964
-810,477,-1314,-607,-193,2256
-751,506,-1281,-702,-221,2543
-661,513,-1294,-794,-248,2827
-566,531,-1378,-905,-276,3126
-430,497,-1427,-1087,-328,3428
-413,438,-1383,-1373,-378,3711
-336,502,-1285,-1729,-427,3995
-166,836,-1240,-2413,-553,4528
-66,1096,-1213,-2793,-686,4866
62,1253,-1216,-3096,-834,5119
155,1429,-1139,-3514,-1019,5402
259,1746,-1028,-3868,-1213,5624
236,2561,-746,-4207,-1595,5945
88,3046,-651,-4074,-1889,6084
-220,3352,-531,-3852,-2135,6183
-465,3811,-323,-3537,-2391,6267
-3673,3698,2615,-3097,-3136,6439
-6486,2503,3939,-4293,-2652,6085
-9061,2242,4771,-5111,-2028,5629
-11556,2379,5710,-5313,-1063,5105
-13123,3428,6104,-4715,358,4530
-14328,4324,6549,-3082,2234,4112
-14364,5307,7952,-536,4405,3629
-13502,3697,9935,2053,6812,3139
-10045,938,15704,4041,10897,2398
-6992,688,19047,4476,13121,1988
-4398,1672,21895,5146,14419,1553
-1498,2733,24880,6211,15048,812
6186,1742,28160,6587,14733,-2000
-32768,-20711,-9255,608,4606,-1225
-32768,-7401,858,-798,1454,-1078
16482,-6441,5585,-1989,-177,-374
4766,-4301,1623,-1783,-3,1565
-2901,-1618,2297,-2609,167,1758
1400,5291,6326,-1799,1729,1197
1295,3922,116,1282,1849,94
1153,2351,572,1163,1025,-849
752,4331,-759,-364,-57,-2038
775,4343,-633,127,-406,-2120
317,3563,-613,1697,-1152,-1985
11,3105,-382,2106,-1399,-1872
-145,2804,-31,2314,-1503,-1754
-191,2699,184,2460,-1552,-1635
-311,2654,244,2621,-1595,-1549
-547,2516,333,3030,-1701,-1507
-697,2360,478,3267,-1754,-1525
-729,2229,576,3405,-1781,-1516
-788,2065,601,3456,-1799,-1511
-780,1883,573,3436,-1814,-1503
-827,1720,498,3350,-1802,-1505
-899,1545,533,3179,-1773,-1528
-963,1304,594,2717,-1687,-1529
-1098,1238,605,2306,-1589,-1497
-1201,1239,613,1970,-1511,-1480
-1227,1262,592,1661,-1432,-1464
-1318,1247,511,1396,-1365,-1475
-1362,1267,462,1168,-1325,-1507
-1373,1320,438,967,-1264,-1571
-1532,1572,239,476,-942,-1907
-1563,1651,176,463,-884,-2013
-1545,1776,25,581,-810,-2162
-1585,1763,21,714,-747,-2265
-1794,1634,75,896,-531,-2432
-1921,1685,-58,867,-420,-2456
-1960,1665,-203,846,-328,-2464
-1945,1640,-319,832,-239,-2490
-1936,1590,-443,859,-139,-2503
-2032,1564,-525,906,-35,-2503
-2104,1582,-561,990,95,-2524
-2089,1483,-644,1136,297,-2511
-2084,1370,-703,1181,401,-2467
-2045,1328,-705,1189,498,-2419
-1999,1254,-716,1205,577,-2342
-2074,1193,-726,1227,636,-2260
-2058,1078,-724,1246,690,-2164
-1872,885,-768,1232,770,-1952
-1766,743,-787,1184,809,-1773
-1708,628,-792,1092,830,-1472
-1518,595,-813,1111,656,-791
-1530,464,-808,1047,569,-608
-1604,355,-804,914,507,-465
-1606,310,-787,722,456,-343
-1574,309,-826,511,417,-226
-1570,394,-894,317,380,-123
-1514,517,-997,175,323,-28
-1506,775,-1224,78,186,88
-1691,885,-1299,221,-48,136
-1824,919,-1186,254,-105,138
-1843,989,-1120,284,-124,147
-1866,1064,-1079,339,-133,139
-1926,1019,-1076,385,-133,109
-1995,997,-1057,398,-135,72
-2067,1036,-967,384,-151,53
-2234,1082,-763,344,-209,58
-2240,1140,-720,280,-226,63
-2195,1172,-758,191,-228,71
-2094,1213,-848,53,-218,73
-1978,1334,-968,-82,-185,67
-1837,1490,-1138,-145,-138,81
-1638,1528,-1676,300,-157,321
-1719,1476,-1635,484,-184,401
-1779,1402,-1550,643,-210,468
-1885,1365,-1431,767,-228,521
-1988,1298,-1327,872,-250,554
-2072,1248,-1172,930,-267,552
-2085,1179,-1065,937,-274,528
-2043,1093,-999,904,-275,481
-1891,961,-1005,802,-276,363
-1825,870,-1071,752,-279,282
-2159,647,-985,684,-327,212
-2201,594,-959,617,-314,219
-2186,593,-988,543,-296,228
-2126,655,-1075,432,-254,212
-2075,698,-1066,397,-236,182
-2086,723,-1058,377,-218,138
-2093,725,-1034,331,-199,91
-2081,757,-1003,280,-181,51
-2034,781,-1007,237,-159,12
-2028,802,-1016,195,-141,-19
-2034,808,-1038,176,-130,-44
-2191,718,-1041,68,-109,-86
-2205,697,-1057,9,-89,-93
-2202,716,-1079,-43,-63,-94
-2183,779,-1097,-75,-45,-87
-2195,829,-1084,-84,-20,-81
-2198,865,-1068,-84,-2,-79
-2179,877,-1036,-81,17,-84
-2115,901,-1042,-73,47,-107
-2041,907,-1065,-64,46,-123
-1977,910,-1061,-55,9,-145
-1930,891,-1035,-67,-28,-141
-1888,867,-1011,-87,-62,-123
-1791,901,-1027,-154,-137,-21
-1727,931,-1047,-173,-168,45
-1661,988,-1049,-182,-185,104
-1586,1022,-1076,-182,-220,173
-1536,1086,-1092,-181,-263,244
-1430,1124,-1063,-186,-316,329
-1279,1163,-1063,-186,-425,529
-1144,1328,-1015,-118,-510,721
-969,1354,-984,-21,-592,898
-506,1269,-862,140,-1024,1674
-428,1287,-789,75,-1192,1954
-367,1316,-710,23,-1350,2232
-318,1366,-670,-10,-1509,2476
-241,1590,-693,9,-1809,2934
-225,1646,-697,74,-2043,3235
-201,1708,-669,128,-2248,3492
-211,1595,-589,124,-2448,3762
-283,1496,-451,9,-2619,4014
-392,1444,-301,-203,-2755,4244
-463,1497,-201,-464,-2827,4459
-553,1644,-221,-723,-2909,4668
-628,1881,-262,-926,-2971,4879
-795,2049,-275,-1068,-3044,5086
-1016,2252,-222,-1170,-3104,5299
-1535,2824,87,-1409,-3225,5836
-1797,3160,428,-1483,-3224,6022
-1835,3381,471,-1555,-3230,6129
-2214,3400,629,-1694,-3240,6257
-2551,3362,848,-1948,-3261,6401
-3679,2939,1676,-2407,-3367,6553
-10702,1034,4908,-5011,-2035,5892
-13150,674,5569,-5643,-826,4912
-14601,504,6239,-5762,717,4149
-14913,1678,7464,-4897,2527,3922
-13940,3245,9460,-2484,4634,4193
-12179,3056,11848,918,6874,4660
-10288,523,16147,3837,9354,5295
-8302,-2031,20830,5378,12177,5685
-6477,-3178,24592,6088,14810,5673
-4152,-2812,27937,6975,16800,4937
-1318,-2744,30383,7847,17647,3287
2657,-3852,31757,7648,17508,946
6738,-5348,30932,5602,16537,-1080
15313,-6699,31659,2367,17003,-1724
-32768,-11838,-5891,-713,396,-2908
16742,-6029,8953,-4006,-501,-1931
5690,-2706,1825,-3648,82,738
3357,6103,4416,-3640,2988,4829
1901,7275,-255,892,2577,4275
907,4040,1048,2291,2167,3264
783,3507,1297,1424,2100,2266
1306,6299,-533,747,229,-1690
1072,5498,-431,1419,-470,-2685
779,4621,-354,1680,-983,-3309
365,3820,-348,1663,-1318,-3626
-64,3315,-192,1491,-1476,-3781
-330,3092,46,1301,-1467,-3780
-543,3128,252,1223,-1346,-3667
-562,3257,407,1319,-1190,-3525
-651,3256,515,1555,-1002,-3412
-808,3215,887,2221,-635,-3303
-936,3051,1092,2671,-409,-3239
-992,3004,1234,3139,-216,-3225
-936,2914,1385,3656,-43,-3201
-1020,2673,1415,4117,77,-3165
-1103,2357,1459,4464,182,-3137
-1189,2013,1506,4680,250,-3086
-1311,1710,1586,4722,295,-3021
-1408,1445,1543,4624,332,-2930
-1491,1347,1479,4468,391,-2848
-1516,1163,1041,4124,486,-2628
-1581,1072,929,4018,489,-2550
-1607,643,647,3374,389,-2251
-1643,586,473,3147,376,-2190
-1638,537,366,2962,363,-2114
-1567,497,259,2807,360,-2018
-1614,403,104,2583,367,-1796
-1613,252,90,2431,356,-1632
-1662,204,18,2267,372,-1494
-1686,157,-64,2119,378,-1367
-1641,122,-154,2002,380,-1242
-1599,178,-279,1896,381,-1107
-1547,165,-382,1821,367,-954
-1507,170,-452,1748,337,-793
-1560,148,-560,1668,288,-632
-1573,106,-643,1587,218,-469
-1513,34,-730,1480,125,-311
-1436,-23,-885,1336,14,-137
-1245,-46,-1144,1161,-119,34
-1185,52,-1293,1009,-306,188
-1265,267,-1380,915,-459,332
-1478,489,-1270,919,-549,453
-1687,605,-1079,963,-557,537
-2171,861,-1140,565,-338,530
-2231,870,-1214,528,-329,428
-2267,879,-1269,536,-298,353
-2252,934,-1281,587,-263,293
-2213,943,-1304,654,-232,262
-2148,937,-1310,746,-222,251
-2107,878,-1299,829,-216,251
-2084,794,-1292,892,-225,261
-2075,723,-1259,924,-245,259
-2016,645,-1251,925,-246,252
-1998,552,-1242,903,-255,233
-1899,471,-1271,833,-248,159
-1875,357,-1277,756,-229,52
-1877,209,-1274,621,-204,-55
-2224,255,-1163,455,-203,-141
-2404,499,-895,284,-224,-175
-2531,822,-679,168,-238,-147
-2338,953,-700,31,-224,-42
-2021,1006,-932,-153,-214,1
-1757,1098,-1150,-331,-216,30
-1567,1804,-1560,-57,-407,176
-1737,1763,-1321,317,-381,240
-1874,1561,-1150,565,-322,270
-2041,1064,-1089,619,-243,316
-2125,1006,-1075,518,-261,313
-2181,960,-1089,433,-282,281
-2134,937,-1108,380,-297,226
-2123,913,-1168,374,-314,150
-2083,846,-1231,402,-323,51
-2153,821,-1197,439,-324,-52
-2214,829,-1102,481,-317,-113
-2206,805,-1011,512,-299,-125
-2300,707,-948,479,-262,-120
-2350,636,-935,395,-213,-116
-2297,643,-975,294,-171,-125
-2070,646,-1144,184,-109,-183
-1997,647,-1225,174,-79,-256
-2054,697,-1148,187,-59,-314
-2062,751,-1038,201,-31,-312
-2119,738,-930,191,-8,-269
-2110,686,-925,126,16,-209
-2012,808,-1179,-145,12,-93
-2018,861,-1149,-135,20,-82
-2060,829,-1103,-131,37,-80
-2137,838,-1059,-151,57,-78
-2156,823,-1029,-192,71,-56
-2131,835,-1065,-234,77,-34
-1979,934,-1235,-201,7,24
-1968,950,-1245,-121,-28,53
-1951,928,-1209,-59,-38,74
-1993,879,-1134,-33,-38,95
-2003,815,-1080,-43,-40,106
-1977,832,-1060,-117,-50,145
-1938,908,-1109,-135,-73,173
-1909,968,-1135,-109,-98,201
-1902,987,-1117,-64,-128,222
-1882,983,-1101,-27,-160,249
-1866,971,-1072,-2,-181,288
-1860,968,-1056,-3,-195,330
-1843,991,-1007,-3,-214,374
-1824,1035,-992,0,-219,425
-1828,1067,-991,20,-237,479
-1700,1141,-918,163,-264,617
-1637,1177,-862,195,-272,669
-1590,1225,-839,231,-275,714
-1507,1315,-813,275,-291,767
-1418,1335,-764,331,-311,843
-1316,1376,-771,365,-342,940
-1150,1381,-760,389,-392,1084
-845,1362,-828,367,-514,1438
-335,1198,-1068,320,-917,2356
-155,1147,-1114,249,-1092,2787
-34,1087,-1216,153,-1284,3216
17,941,-1208,-14,-1456,3614
122,835,-1230,-252,-1630,3990
179,751,-1285,-568,-1833,4373
216,683,-1345,-967,-2029,4745
412,744,-1421,-1404,-2230,5156
487,1252,-1601,-1751,-2514,5626
354,1991,-1705,-1937,-3214,6456
104,2409,-1676,-1795,-3854,7020
-706,2277,-997,-1698,-4372,7425
-1283,1808,-261,-1889,-4732,7799
-11857,-6033,7162,-8099,-6054,8475
-14961,-7515,8051,-11923,-4895,7252
-16552,-3480,8228,-13777,-3524,5950
-14455,7521,9410,-6572,-444,5880
-11517,4219,12518,1878,2331,7107
-9685,-2408,20410,5570,6053,8545
-6622,-6552,25771,5104,10429,9540
-4177,-5127,27917,4550,14594,9939
-3040,-1906,28690,6616,17570,9453
-1815,-1655,30180,9285,19341,7975
-32768,-32767,-18952,-548,8492,3126
-32768,-15501,3417,-2164,438,-463
3011,-14473,1711,-2583,67,600
-4813,-4366,878,-3299,-896,1979
-3327,5496,7810,-1254,409,2417
-306,1881,7592,2430,2956,3363
454,2379,2899,3071,3676,2562
3347,3769,2421,2558,3210,360
2986,3119,1706,1582,2772,-955
2922,3161,309,160,2136,-1714
2779,3408,-112,-998,1575,-2183
1104,4723,-696,-1805,634,-2917
844,4911,-539,-922,549,-2860
753,4945,-409,238,481,-2727
774,4851,-219,1380,391,-2604
727,4623,-46,2513,303,-2497
671,4507,115,3539,194,-2466
602,4262,282,4435,32,-2475
449,3889,469,5133,-128,-2511
238,3376,572,5664,-306,-2582
30,3062,666,5852,-418,-2629
-176,2598,777,5849,-618,-2690
-307,2323,795,5652,-727,-2695
-473,1970,809,5379,-803,-2705
-982,1067,669,3866,-834,-2918
-1083,974,547,3276,-828,-2991
-1255,926,494,2770,-817,-3053
-1364,1005,486,2349,-791,-3119
-1373,1085,432,2050,-761,-3136
-1341,1235,327,1860,-732,-3125
-1287,1425,147,1837,-765,-3075
-1259,1520,118,2009,-806,-3027
-1481,1345,203,2780,-778,-2685
-1494,1106,176,2960,-704,-2557
-1473,913,124,3049,-619,-2430
-1505,728,128,3047,-543,-2296
-1640,593,33,2950,-464,-2139
-1690,528,-16,2833,-378,-1971
-1824,434,60,2696,-309,-1789
-1911,375,38,2562,-232,-1619
-1798,357,-94,2410,-105,-1352
-1736,258,-251,2345,-46,-1187
-1792,131,-320,2158,15,-951
-1859,57,-318,1941,37,-782
-1883,79,-335,1743,45,-624
-1857,129,-434,1591,49,-452
-1822,146,-583,1514,25,-276
-1641,185,-870,1542,-106,199
-1602,133,-920,1465,-201,332
-1748,29,-915,1282,-289,435
-1904,29,-874,1022,-356,502
-2032,124,-804,769,-369,532
-2087,261,-810,573,-345,540
-2163,649,-1070,552,-98,464
-2203,582,-1064,584,-59,430
-2249,466,-1100,566,-46,391
-2251,365,-1121,503,-72,350
-2264,400,-1157,418,-117,312
-2215,592,-1156,350,-175,277
-2159,677,-1142,380,-203,279
-2079,724,-1175,398,-206,283
-2053,682,-1233,394,-228,295
-1951,582,-1233,331,-247,276
-2029,465,-1205,232,-245,254
-2392,555,-1146,134,-248,216
-2482,760,-971,106,-240,197
-2465,995,-817,88,-156,198
-2203,1136,-907,-3,-98,238
-1825,1257,-1131,-115,-93,292
-1537,1338,-1452,-184,-136,342
-1469,1487,-1926,189,-302,480
-1764,1447,-1659,526,-240,551
-1954,1279,-1391,783,-130,630
-2081,1105,-1191,882,-27,688
-1849,897,-1161,379,-86,661
-1905,1041,-1169,253,-201,556
-1916,1118,-1160,280,-282,448
-1966,1107,-1097,365,-320,333
-2010,985,-1074,458,-336,232
-2114,864,-1059,505,-339,153
-2249,690,-1034,480,-334,105
-2297,605,-1085,385,-330,111
-2307,565,-1186,304,-334,130
-2343,583,-1255,244,-310,128
-2321,623,-1259,232,-274,104
-2356,646,-1203,250,-212,62
-2341,678,-1127,278,-129,3
-2377,691,-1082,285,-43,-47
-2377,698,-1057,274,37,-89
-2298,667,-1079,197,123,-155
-2230,663,-1131,129,143,-195
-2169,633,-1163,96,141,-214
-2158,614,-1182,69,140,-228
-2177,531,-1117,47,169,-208
-2099,642,-1034,-197,162,-118
-2040,771,-1058,-269,131,-97
-2011,860,-1088,-296,107,-77
-1963,941,-1078,-302,78,-35
-1915,1026,-1066,-305,52,23
-1861,1096,-1058,-299,31,97
-1787,1175,-1085,-283,5,185
-1673,1313,-1124,-203,-29,340
-1618,1349,-1160,-109,-52,436
-1583,1333,-1146,-41,-74,524
-1531,1291,-1132,8,-78,621
-1481,1317,-1097,45,-89,720
-1391,1335,-1076,96,-113,831
-1300,1342,-1099,151,-145,964
-1098,1312,-1105,233,-266,1226
-985,1298,-1147,266,-348,1412
-726,1296,-1186,350,-509,1750
-591,1320,-1212,417,-648,1999
-429,1301,-1241,491,-783,2231
-294,1184,-1270,531,-973,2480
-178,1090,-1238,506,-1149,2733
-45,588,-1046,-41,-1862,3785
-276,497,-811,-1144,-2397,4656
-370,679,-792,-1589,-2631,5021
-503,1005,-781,-1887,-2853,5358
-685,1304,-770,-2076,-3113,5671
-928,1611,-664,-2164,-3382,5963
-1264,1885,-425,-2202,-3644,6271
-1630,2007,-24,-2285,-3884,6574
-2383,1739,968,-2976,-4178,7185
1,1,-1,1,1,-1
-5534,812,2755,-4434,-4718,7637
-9920,-596,4656,-6243,-4615,6964
-12989,-1602,5990,-7446,-3619,5920
-15194,-16,6711,-7332,-2216,4814
-15810,1285,7306,-6223,-540,4363
-15210,3137,8849,-4001,1359,4170
-13077,1992,11029,-1015,3468,4516
-10743,1088,15961,1567,5727,5073
-7725,-1321,21011,3119,8753,5507
-2794,-1886,27480,3924,13628,5703
225,82,30755,5350,16523,4857
-32768,-32767,-32768,1275,1133,78
-32768,-6643,1795,-2052,-2135,-3597
8717,-6856,1588,-2503,-601,-126
-2170,-3510,-2898,-2998,-852,1577
1759,5276,2529,2477,3058,851
2088,3786,818,4215,2552,-618
2209,2392,1755,3648,2198,-1600
532,1591,440,1651,1719,-2762
392,2023,-118,535,1197,-3235
156,2538,-67,-36,773,-3450
-39,2811,-4,-300,485,-3490
-182,3024,-135,-346,321,-3415
-347,3147,-135,-123,250,-3303
-317,3230,29,305,208,-3184
-320,3169,132,793,207,-3070
-371,3124,69,1234,171,-3002
-547,3050,172,1942,105,-2980
-508,3056,420,2376,76,-2989
-497,3087,541,2738,31,-2982
-618,2953,509,3092,-15,-2957
-772,2723,468,3394,-45,-2941
-1270,1442,74,3516,90,-2835
-1363,1193,-36,3244,181,-2732
-1523,925,-26,2742,309,-2533
-1695,882,53,2431,390,-2408
-1827,863,14,2246,437,-2313
-1913,911,-10,2146,463,-2251
-1937,843,-238,2183,508,-2098
-1879,766,-293,2228,546,-2039
-1901,702,-305,2246,574,-1960
-1945,594,-257,2239,582,-1869
-1930,506,-225,2192,582,-1758
-1899,437,-216,2128,572,-1643
-1883,367,-256,2072,550,-1507
-1899,318,-349,2021,533,-1369
-1827,265,-549,1957,523,-1114
-1747,250,-591,1903,493,-942
-1681,173,-620,1816,464,-783
-1734,130,-639,1703,420,-620
-1855,97,-666,1456,312,-361
-1816,151,-697,1292,231,-190
-1733,179,-853,1176,163,-34
-1523,244,-1239,784,-238,401
-1627,404,-1184,631,-397,477
-1809,573,-1028,551,-495,517
-1914,695,-907,534,-526,526
-1974,790,-871,556,-516,505
-1997,851,-822,592,-472,466
-1986,869,-844,620,-427,415
-2007,886,-863,641,-380,349
-2133,730,-824,492,-347,159
-2113,702,-882,412,-351,121
-2093,720,-987,359,-358,107
-2010,751,-1051,348,-355,107
-1986,745,-1112,378,-348,117
-2124,682,-1114,409,-333,142
-2328,648,-902,354,-324,197
-2351,734,-800,196,-302,246
-2150,1030,-882,-110,-264,349
-1967,1291,-1065,-231,-265,410
-1801,1462,-1266,-208,-267,457
-1676,1575,-1460,-63,-266,497
-1732,1607,-1572,156,-273,530
-2011,1241,-1115,851,-170,593
-2050,1128,-999,823,-168,586
-2037,1110,-992,734,-188,562
-1989,1079,-996,637,-228,539
-1955,1045,-1031,553,-284,491
-1961,995,-1079,493,-333,433
-1976,937,-1133,470,-363,366
-1986,856,-1137,479,-370,308
-2022,768,-1131,486,-350,259
-2228,701,-1042,445,-280,249
-2390,716,-961,403,-229,276
-2299,739,-1041,256,-59,259
-2213,753,-1114,195,-24,199
-2154,817,-1125,161,3,127
-2132,904,-1073,164,37,59
-2140,970,-993,198,65,-6
-2150,959,-967,229,94,-57
-2239,880,-918,233,106,-105
-2259,796,-912,188,111,-154
-2190,668,-991,75,91,-224
-2122,612,-1058,-27,60,-261
-2097,727,-904,-243,95,-297
-2069,783,-888,-311,126,-287
-1960,851,-924,-379,135,-265
-1881,958,-928,-418,125,-258
-1799,1072,-986,-427,108,-235
-1751,1158,-1012,-403,79,-221
-1789,1170,-999,-380,56,-199
-1828,1131,-996,-385,53,-141
-1894,1117,-988,-411,60,-98
-1887,1133,-1032,-429,65,-61
-1861,1182,-1084,-422,61,-28
-1823,1201,-1154,-397,50,7
-1777,1259,-1206,-347,26,26
-1744,1328,-1144,-88,-31,68
-1774,1277,-1054,-22,-44,96
-1831,1205,-1009,2,-47,124
-1825,1142,-985,-10,-67,161
-1855,1119,-1006,-43,-84,201
-1852,1109,-1041,-80,-115,249
-1838,1158,-1102,-119,-171,349
-1835,1204,-1114,-116,-213,413
-1900,1381,-1026,-9,-258,569
-1852,1424,-1012,68,-267,606
-1809,1436,-987,139,-289,615
-1747,1447,-977,195,-303,620
-1616,1425,-934,264,-362,639
-1520,1430,-915,291,-403,676
-1441,1418,-927,318,-451,736
-1341,1402,-930,354,-497,802
-1218,1418,-948,401,-557,888
-1082,1429,-922,468,-634,1009
-950,1406,-895,546,-719,1154
-754,1262,-859,588,-918,1461
-624,1187,-910,526,-1074,1691
-520,1212,-923,454,-1226,1885
-462,1273,-916,421,-1394,2096
-353,1204,-836,458,-1905,2806
-371,1114,-789,396,-2104,3117
-427,1016,-777,248,-2289,3420
-469,926,-771,32,-2462,3749
-583,892,-754,-263,-2616,4076
-930,1751,-746,-1066,-3224,5327
-1119,2070,-738,-1049,-3463,5699
-1656,2401,-367,-1092,-3904,6363
-1922,2386,-2,-1413,-4141,6713
-2184,2459,364,-1900,-4333,6987
-2613,2544,757,-2594,-4610,7311
-3373,3042,1123,-3344,-4959,7460
-4550,2888,1907,-4041,-5435,7327
-6891,2365,2606,-4844,-5752,6932
-13747,1351,4025,-5766,-5163,5097
1,1,-1,1,1,-1
-18029,2205,6361,-4894,-1863,2939
-15148,4040,9048,-2736,-443,2722
-11458,4749,11974,1155,1022,2886
-8004,2483,18498,4824,3070,3300
-3763,-1769,24307,6091,6471,3428
724,-1775,31938,4829,13257,2543
4937,-234,32767,4859,17357,1107
-32768,19714,10174,9124,16541,-414
-32768,-32767,-32768,7457,-4816,-4146
18218,-17988,4634,-3694,-3282,-3862
737,8233,5901,-6010,5386,3045
630,14632,-378,3016,4302,2179
759,8898,4642,9899,4090,649
1513,3970,4706,11605,3928,-568
969,-861,3230,10274,3285,-1431
1844,-1981,1367,7737,2555,-1850
1672,-1635,231,5241,1855,-1982
1140,-990,-475,2997,1383,-1987
594,533,-997,-97,944,-2047
596,1648,-975,-1223,875,-2206
662,2519,-917,-1595,860,-2381
871,3473,-822,-1211,649,-2877
1038,3542,-804,-561,328,-3183
859,3334,-817,-22,11,-3381
517,3087,-855,379,-229,-3499
240,2732,-861,642,-389,-3530
-61,2247,-727,731,-480,-3496
-311,1848,-646,622,-486,-3437
-539,1541,-736,156,-436,-3293
-666,1549,-905,-142,-401,-3205
-751,1622,-1046,-290,-385,-3144
-1227,1955,-1089,168,-336,-2849
-1435,1913,-1000,475,-244,-2636
-1466,1831,-968,692,-141,-2459
-1581,1712,-823,888,-67,-2300
-1743,1612,-751,971,-5,-2181
-1854,1570,-645,1030,86,-2040
-1906,1496,-549,1107,249,-1754
-1819,1501,-528,1185,338,-1596
-1772,1523,-521,1335,395,-1461
-1824,1453,-552,1528,395,-1335
-1875,1441,-545,1746,385,-1210
-1901,1303,-497,1953,347,-1070
-1907,1156,-444,2135,316,-936
-1794,757,-401,2338,225,-711
-1825,500,-436,2323,154,-570
-1806,374,-429,2226,104,-464
-1865,290,-435,2103,48,-341
-1956,254,-397,1968,0,-242
-2030,245,-344,1854,-51,-141
-2032,268,-336,1768,-111,-54
-1996,328,-356,1658,-245,86
-2043,279,-491,1291,-373,251
-2095,330,-537,1105,-352,255
-2067,623,-719,813,-287,257
-2055,690,-784,767,-295,256
-1990,737,-832,742,-313,245
-1947,702,-890,704,-349,214
-2015,709,-943,610,-458,140
-2040,834,-916,540,-530,108
-2051,877,-902,495,-566,109
-2066,936,-902,455,-583,124
-2041,991,-906,404,-568,145
-2037,1039,-915,358,-541,172
-2008,1084,-950,327,-498,189
-2019,1109,-969,322,-451,208
-2008,1149,-1002,342,-403,221
-1999,1167,-1052,432,-342,256
-1949,1176,-1101,521,-332,286
-1916,1170,-1070,597,-342,307
-1914,1138,-1008,655,-369,328
-2060,963,-894,656,-414,344
-2182,900,-774,557,-419,329
-2197,993,-846,315,-329,281
-2172,1026,-890,357,-297,271
-2205,981,-856,383,-269,264
-2238,946,-837,374,-245,264
-2179,957,-928,182,-151,267
-2116,1013,-1021,159,-140,254
-2087,1034,-1058,172,-135,242
-2072,1041,-1053,203,-137,228
-2014,1059,-1013,274,-157,243
-2041,1062,-967,300,-160,257
-2045,1080,-925,315,-163,267
-2081,1054,-866,307,-158,275
-2135,990,-820,274,-143,260
-2113,953,-813,213,-127,236
-2126,959,-793,139,-115,211
-2065,1035,-835,57,-92,173
-2021,1099,-875,62,-89,148
-2010,1103,-897,79,-94,130
-1970,1085,-925,81,-106,112
-1970,1058,-926,71,-116,93
-1999,1057,-920,51,-134,76
-2061,1079,-849,-69,-118,79
-2086,1158,-879,-93,-89,97
-2042,1246,-881,-80,-64,108
-2011,1309,-921,-33,-34,124
-1962,1307,-944,20,-23,118
-1933,1287,-948,50,-13,115
-1922,1235,-954,70,-39,96
-1919,1228,-970,87,-51,97
-1915,1235,-981,105,-57,95
-1945,1201,-986,121,-63,107
-1970,1182,-956,120,-62,116
-1987,1151,-930,115,-63,135
-2006,1132,-926,103,-55,146
-2006,1186,-880,75,-39,151
-1944,1215,-901,44,-23,141
-1903,1246,-922,40,-22,131
-1860,1253,-972,66,-22,111
-1875,1245,-988,103,-36,109
-1896,1181,-966,144,-33,124
-1871,1162,-982,141,-27,136
-1789,1127,-1014,137,-22,151
-1733,932,-911,-74,-74,270
-1657,986,-908,-155,-96,332
-1515,1072,-917,-180,-135,383
-1266,1115,-923,-204,-222,511
-1128,1157,-900,-217,-314,638
-843,1246,-899,-149,-527,930
-686,1281,-925,-104,-724,1184
-466,1263,-915,-125,-1290,1924
-392,1295,-851,-186,-1598,2367
-349,1372,-832,-235,-1915,2875
-323,1397,-801,-281,-2125,3181
-388,1399,-679,-437,-2413,3652
-477,1352,-590,-674,-2615,4017
-597,1592,-547,-954,-2867,4479
-702,1857,-487,-1110,-3084,4874
-775,2186,-289,-1289,-3473,5442
-856,2280,14,-1506,-3854,5874
-917,2176,509,-2143,-4343,6306
-1180,2069,1342,-3044,-4848,6628
-2270,2852,2218,-4153,-5553,6951
-4907,3230,3396,-4612,-6355,6875
-20701,1450,7436,-6100,-2576,2625
-15835,5874,11601,-1324,1496,2568
-11308,2705,17467,3877,4499,3290
-4296,-4767,28092,5864,11093,3936
1149,-3567,32767,5165,18049,2717
5109,-2089,32767,5045,20428,1235
12545,3075,32767,5108,20853,-653
-32768,32234,-32768,7314,1643,-5549
22739,-10480,12212,-5249,-3979,-3369
-3241,2469,2739,1006,2320,1579
2614,3195,2870,907,4536,2749
1889,3980,998,3194,3745,1848
2182,2158,3072,5582,3048,384
1805,891,995,4620,2322,-354
1347,767,-193,2060,1205,-1532
1006,1332,-211,597,725,-2182
352,2065,-333,-902,367,-2775
15,2438,-359,-1258,302,-3009
-231,2823,-371,-1289,240,-3122
-335,2943,-296,-787,7,-3127
-928,2815,-58,917,-738,-3132
-1292,2444,-63,1250,-786,-3021
-1603,2075,-268,1405,-601,-2890
-1660,1993,-424,1432,-475,-2793
-1726,2057,-604,1526,-406,-2654
-1751,1978,-551,1633,-374,-2515
-1851,1871,-454,1745,-299,-2359
-1958,1721,-466,1810,-184,-2231
-2015,1518,-588,1902,26,-2035
-1950,1487,-592,1997,128,-1907
-1950,1423,-440,2182,211,-1669
-1982,1444,-242,2339,247,-1490
-2069,1465,-76,2651,294,-1213
-1878,1112,-112,3236,327,-871
-1826,722,-42,3219,310,-684
-1899,531,-19,3026,280,-550
-1876,398,-77,2584,261,-335
-1730,440,-322,2314,224,-193
-1691,422,-425,2188,174,-112
-1683,336,-496,1982,62,3
-1715,214,-499,1805,-26,87
-1723,264,-726,1222,-188,266
-1837,297,-826,1093,-218,330
-1862,346,-894,1000,-251,363
-1982,383,-959,869,-338,372
-2015,428,-969,774,-401,329
-2032,467,-1022,611,-455,252
-2051,531,-1033,516,-443,201
-2207,588,-988,444,-392,142
-2306,628,-922,392,-341,111
-2387,681,-876,326,-276,47
-2361,742,-841,245,-238,-6
-2165,960,-932,85,-196,-43
-1836,1165,-1131,17,-194,-57
-1685,1202,-1290,23,-225,-50
-1543,1167,-1449,79,-308,-18
-1844,1078,-1199,254,-404,153
-2123,994,-1067,278,-409,279
-2188,952,-1035,263,-385,312
-2200,884,-1043,211,-329,300
-2222,891,-1046,162,-281,261
-2281,990,-1001,151,-228,185
-2321,877,-1027,229,-221,40
-2303,871,-1040,239,-237,16
-2270,875,-1038,274,-252,1
-2279,861,-1002,275,-235,-19
-2224,872,-917,242,-200,-55
-2178,867,-910,207,-169,-67
-2110,875,-908,144,-138,-99
-2114,897,-909,96,-121,-107
-2096,882,-929,12,-90,-105
-2049,927,-978,-19,-74,-81
-2040,902,-999,-17,-67,-53
-2046,863,-1035,-37,-49,-23
-2075,863,-990,-76,-42,-18
-2114,911,-953,-161,-8,-34
-2100,976,-972,-196,20,-60
-2063,1068,-983,-176,30,-95
-2048,1067,-989,-156,28,-112
-2030,1015,-1023,-169,-30,-124
-2022,978,-1029,-197,-78,-101
-2013,978,-1041,-200,-89,-79
-2027,1068,-1036,-173,-106,-35
-1995,1052,-1008,-105,-130,68
-2032,1020,-1001,-98,-111,89
-2055,1048,-1007,-96,-60,127
-2049,1098,-1010,-67,-28,158
-2007,1146,-1002,8,-1,203
-2026,1141,-947,47,7,220
-1987,1111,-914,53,11,219
-1915,1110,-909,51,5,209
-1878,1102,-908,49,-5,205
-1855,1074,-828,31,-36,222
-1881,1068,-810,-16,-58,242
-1868,1079,-823,-87,-75,267
-1832,1097,-863,-92,-89,282
-1800,1117,-893,-43,-118,314
-1809,1106,-890,3,-141,333
-1829,1061,-866,33,-196,361
-1840,1052,-879,16,-236,369
-1830,1073,-878,-19,-298,379
-1824,1087,-884,-32,-346,392
-1891,1095,-889,-71,-400,394
-1955,1189,-935,-41,-426,422
-1890,1139,-926,261,-435,525
-1852,1015,-832,271,-468,590
-1743,1039,-799,189,-526,661
-1646,1090,-814,148,-589,709
-1485,1129,-817,112,-692,807
-1388,1139,-826,88,-772,902
-1144,1121,-876,59,-920,1119
-1016,1117,-888,31,-1050,1327
-865,1176,-872,-8,-1286,1705
-841,1211,-817,10,-1447,1993
-761,1197,-780,25,-1678,2472
-656,1130,-772,-60,-1855,2848
-632,1027,-679,-396,-2088,3397
-618,991,-684,-726,-2232,3768
-563,1410,-803,-1180,-2505,4418
-615,1854,-818,-1331,-2832,5002
-659,2188,-746,-1294,-3338,5629
-802,2286,-528,-1277,-3785,6072
-1132,2358,93,-1540,-4677,6911
-2411,2262,1495,-2450,-5527,7835
-4177,1838,2598,-3404,-5946,8073
-13861,6954,8931,-1252,-474,5107
-12176,6304,12477,4199,1711,5165
-8413,-1673,24086,8218,6634,4701
-4097,-3472,27985,6421,11051,3414
1102,592,31061,5759,16388,121
4801,1364,32535,5787,18644,-2195
-32768,-27540,19582,3339,16317,1980
-32768,-4254,-23584,1605,-965,-3273
5341,-9934,3369,-1914,1346,-1002
-9492,-4033,-1808,-1985,1731,2070
-1486,8969,7727,-3450,5975,814
-1351,12245,1847,4214,5374,445
2488,6854,3572,10324,4670,-1337
2831,300,1348,9885,2283,-2669
2860,-1192,469,7473,962,-2838
1628,-2174,-10,2696,31,-2828
1396,-1032,-153,-571,15,-2808
1291,1972,-524,-3184,157,-3080
1400,3309,-521,-3176,214,-3384
1684,4014,-649,-1796,-24,-3657
1432,3532,-563,-536,-307,-3678
58,1665,-504,710,-700,-3251
-423,1530,-574,427,-505,-2940
-639,1681,-773,324,-407,-2732
-1354,1926,-725,616,-248,-2286
-1782,2066,-628,966,-101,-2030
-1998,1960,-681,1294,9,-1820
-2247,1821,-623,1855,154,-1654
-2612,1617,-538,2280,270,-1513
-2835,1355,-245,2685,391,-1289
-2848,995,-103,3003,505,-1077
-2795,712,-170,3188,548,-1004
-2574,452,-283,3330,559,-980
-2369,273,-269,3349,497,-914
-2262,-7,-200,3210,381,-745
-2181,-128,-210,3038,314,-599
-2038,-150,-333,2772,197,-352
-1738,-82,-564,2692,80,-147
-1512,-283,-765,2507,-185,139
-1347,-411,-850,2154,-421,311
-1648,-180,-669,1549,-727,538
-1840,11,-465,1245,-801,651
-2062,540,-600,706,-601,602
-2168,584,-636,596,-513,479
-2217,586,-713,502,-496,400
-2166,610,-852,352,-493,293
-2096,718,-1011,289,-499,181
-2093,778,-1035,319,-450,92
-2113,781,-1110,289,-424,69
-2136,786,-1155,257,-386,53
-2165,835,-1157,258,-312,39
-2203,810,-1172,252,-251,25
-2308,757,-1098,183,-175,13
-2334,763,-1043,106,-133,18
-2264,815,-1036,25,-94,15
-2176,873,-1104,9,-83,-13
-2184,901,-1069,50,-91,-63
-2294,1004,-934,79,-111,-59
-2492,1009,-732,105,-131,-33
-2481,1042,-595,14,-108,-26
-2188,1194,-692,-221,-5,-12
-1886,1388,-930,-308,66,-28
-1524,1555,-1374,-247,40,-29
-1803,1509,-1242,649,-176,267
-1912,1231,-1093,751,-152,403
-1905,1140,-1050,679,-146,453
-1973,1064,-998,519,-171,442
-1995,1057,-973,420,-209,402
-1981,1110,-1003,369,-263,322
-1938,1143,-1055,404,-296,276
-2008,1003,-1001,575,-368,190
-2068,805,-957,520,-401,149
-2073,755,-969,433,-414,111
-2068,801,-948,359,-400,56
-2060,774,-946,337,-384,29
-2121,757,-940,274,-327,6
-2218,747,-895,241,-295,1
-2296,754,-878,197,-226,-16
-2302,748,-877,154,-174,-27
-2234,831,-909,105,-105,-37
-2176,902,-923,60,-78,-40
-2088,1051,-966,46,-58,-53
-2051,1056,-978,79,-76,-66
-2001,1005,-962,102,-112,-7
-2019,1012,-950,78,-104,26
-2086,997,-922,46,-91,69
-2124,988,-914,37,-82,93
-2112,1011,-949,33,-84,101
-2062,1036,-990,49,-102,97
-2010,1024,-1005,75,-110,87
-1992,1015,-1000,70,-124,82
-2054,951,-925,31,-112,73
-2102,924,-925,-18,-97,65
-2112,950,-941,-71,-81,62
-2047,972,-1009,-77,-57,68
-2046,966,-991,-89,-51,51
-2047,957,-991,-118,-36,42
-2106,983,-965,-177,-20,17
-2101,979,-957,-204,-13,11
-2047,978,-1028,-211,-9,-13
-2008,1023,-1011,-190,-24,-31
-2005,1000,-980,-189,-27,-37
-1995,1015,-982,-245,-7,-28
-1958,1078,-1003,-269,-4,-17
-1911,1102,-1081,-168,-44,72
-1960,1069,-1027,-143,-76,119
-1987,1071,-1000,-160,-85,165
-2039,1111,-966,-180,-82,228
-2064,1155,-952,-177,-68,272
-2137,1191,-921,-155,-45,288
-2145,1174,-924,-140,-23,280
-2136,1149,-925,-144,26,243
-2133,1112,-928,-145,61,202
-2176,1067,-882,-146,109,125
-2168,1057,-838,-153,141,82
-2138,1047,-827,-150,187,13
-2123,1007,-833,-160,207,-25
-2051,961,-787,-236,249,-56
-2023,942,-806,-328,256,-31
-2001,981,-838,-372,260,-21
-2001,1064,-890,-383,240,-18
-1994,1082,-909,-355,213,-23
-1949,1122,-885,-313,149,-24
-1906,1124,-874,-289,105,-19
-1853,1150,-848,-271,54,-18
-1803,1180,-814,-288,14,-12
-1640,1306,-890,-235,-66,53
-1585,1297,-885,-126,-115,140
-1565,1293,-892,-82,-162,222
-1493,1313,-879,-26,-246,369
-1448,1295,-895,13,-311,475
-1322,1297,-917,70,-438,650
-1186,1342,-939,172,-543,793
-1025,1216,-913,296,-722,1032
-857,1133,-834,369,-945,1342
-753,1146,-807,373,-1102,1569
-594,1088,-762,374,-1391,2003
-534,947,-713,310,-1600,2321
-508,954,-593,149,-1896,2815
-501,1006,-573,-2,-2129,3245
-528,926,-549,-374,-2479,3893
-604,1245,-290,-1612,-3085,5022
-723,1833,-226,-2312,-3379,5608
-825,2304,-133,-2678,-3624,5970
-964,2845,232,-3036,-4138,6415
-1085,2899,731,-3263,-4587,6632
-1699,2604,1560,-4082,-5300,6993
-9823,351,5272,-5973,-6293,6274
-14688,37,5956,-6101,-4676,5736
-14899,3657,7092,-2270,-1468,5588
-12905,320,14234,5501,3323,6523
-10598,-3928,21159,6573,7407,6612
-5094,-5828,26409,5937,12970,4774
-1220,-5082,29668,5706,16472,2500
4978,-3573,32767,4341,19473,227
13009,921,32767,4094,20082,-819
-32768,-20980,-10447,6641,-1625,-6840
9136,-14086,11103,-2643,-3465,-3554
-4005,-5904,3504,-3286,1390,3468
-197,264,6629,-7206,3436,3818
1458,8021,2571,-3490,4086,5466
388,9427,2246,4185,3907,4617
281,3192,1497,8746,3430,2882
771,1627,1150,7635,2921,1631
778,2151,-592,3818,1386,-845
390,2081,-820,1199,619,-1949
11,2691,-815,-314,156,-2544
133,4258,-977,701,-949,-3372
102,4048,-773,1368,-1242,-3497
-225,3179,-517,1974,-1503,-3615
-425,2677,-377,2006,-1489,-3667
-684,2112,-244,1677,-1257,-3637
-842,1992,-178,1354,-975,-3547
-907,2079,-193,1181,-621,-3357
-879,2206,-248,1316,-437,-3222
-865,2268,-58,1830,-237,-3011
-987,2246,137,2239,-145,-2835
-1059,2075,456,2831,-46,-2561
-1172,1817,547,3109,10,-2401
-1143,1535,603,3334,72,-2191
-1123,1378,589,3402,93,-2019
-1207,1231,556,3472,101,-1745
-1337,966,570,3494,96,-1414
-1399,769,433,3435,99,-1241
-1483,583,273,3277,77,-1051
-1532,452,214,3146,49,-927
-1674,264,196,2884,-44,-743
-1852,132,-42,2304,-244,-412
-1933,194,-478,1758,-289,-67
-1928,237,-585,1608,-242,49
-1903,271,-677,1520,-230,126
-1924,311,-807,1421,-231,213
-1929,325,-860,1343,-269,264
-1965,322,-916,1201,-351,341
-1970,285,-982,1054,-421,391
-2014,313,-1087,826,-531,411
-2005,373,-1147,669,-610,408
-2029,569,-1179,513,-701,401
-2044,727,-1189,465,-742,402
-2144,922,-1125,535,-778,369
-2261,901,-1087,626,-757,292
-2285,861,-1052,623,-707,228
-2244,794,-1045,565,-623,149
-2215,810,-1066,509,-547,84
-2205,798,-1063,446,-421,20
-2245,754,-1082,386,-336,-8
-2210,771,-1086,332,-224,-25
-2141,830,-1140,349,-172,-12
-2032,826,-1181,412,-151,19
-2410,751,-895,188,-235,113
-2474,1581,-652,247,-291,420
-1730,1790,-1110,514,-167,459
-1192,1632,-1561,655,-184,419
-739,1284,-2145,712,-480,313
-1095,1192,-1958,794,-655,278
-1651,776,-1286,949,-656,321
-2251,354,-904,720,-577,447
-2631,369,-735,509,-537,527
-2729,497,-731,318,-422,555
-2599,632,-894,231,-317,484
-2313,860,-966,191,-163,320
-2114,984,-960,212,-75,183
-1985,906,-1068,199,-41,28
-1969,814,-1146,147,-68,-54
-1999,756,-1211,42,-127,-99
-2027,778,-1238,6,-171,-90
-2068,847,-1208,6,-213,-78
-2077,881,-1167,18,-213,-61
-2064,891,-1066,-18,-169,-32
-2068,923,-1038,-58,-120,-29
-2030,926,-1040,-169,-11,-67
-1984,877,-1141,-203,-14,-76
-2050,883,-1154,-239,-32,-86
-2103,932,-1184,-266,-68,-108
-1994,1153,-1191,-150,-171,-103
-1969,1210,-1169,-75,-241,-76
-1991,1248,-1129,-39,-296,-44
-2011,1226,-1114,1,-337,3
-1957,1197,-1145,13,-340,33
-1919,1146,-1219,67,-317,73
-1989,1058,-1212,115,-289,108
-2163,863,-1056,116,-208,168
-2246,812,-936,39,-115,215
-2267,848,-909,-92,39,277
-2251,853,-899,-139,156,301
-2349,803,-837,-146,275,291
-2339,814,-807,-122,335,291
-2201,901,-822,-20,377,279
-2088,916,-844,106,349,240
-2019,807,-813,191,265,148
-2076,678,-763,155,203,78
-2060,883,-860,-324,53,-214
-2077,966,-907,-402,26,-268
-2046,1082,-973,-486,4,-311
-2017,1167,-1029,-538,0,-302
-1892,1293,-1128,-525,18,-276
-1858,1287,-1200,-468,30,-269
-1953,1232,-1302,-335,54,-154
-2133,1057,-1310,-132,74,-22
-2257,887,-1254,-58,127,78
-2445,793,-1102,-63,237,201
-2473,855,-992,-108,327,253
-2278,964,-972,-160,418,238
-2110,1048,-977,-215,443,176
-1827,1210,-1029,-279,393,89
-1700,1293,-1032,-270,320,28
-1710,1253,-1008,-233,219,-31
-1800,1149,-984,-243,182,-35
-1918,1072,-990,-307,170,14
-1958,1015,-1087,-358,197,67
-1939,1005,-1128,-394,222,92
-1965,1073,-1154,-415,273,108
-1974,1227,-1181,-247,298,67
-1914,1157,-1200,-197,260,13
-1830,1032,-1192,-229,195,-66
-1848,952,-1143,-282,155,-102
-1915,908,-1100,-367,128,-92
-1940,903,-1082,-418,125,-53
-1937,999,-1099,-446,133,3
-1910,1074,-1077,-452,136,28
-1923,1126,-1049,-478,159,25
-1991,1111,-1027,-489,168,-4
-2040,1125,-1005,-480,186,-28
-2017,1160,-995,-452,199,-84
-2013,1134,-984,-455,197,-136
-1980,1147,-926,-500,193,-201
-1952,1197,-881,-518,208,-221
-1924,1244,-855,-512,212,-207
-1898,1282,-817,-516,232,-183
-1871,1339,-823,-514,247,-155
-1806,1408,-798,-518,246,-99
-1740,1411,-848,-503,255,-68
-1676,1405,-874,-478,250,-40
-1723,1540,-882,-289,174,139
-1632,1547,-901,-179,123,187
-1484,1530,-908,-24,33,238
-1446,1536,-937,75,-29,272
-1443,1536,-961,242,-133,324
-1442,1472,-920,351,-212,373
-1441,1285,-907,429,-348,459
-1459,1186,-890,421,-439,546
-1490,1093,-850,384,-560,701
-1480,1032,-865,309,-645,829
-1442,1066,-960,194,-758,1022
-1031,1251,-1261,216,-972,1534
-656,1267,-1344,348,-1186,1994
-317,1194,-1387,334,-1414,2373
19,913,-1314,15,-1855,3021
395,711,-1235,-505,-2231,3592
1220,996,-1231,-1390,-2963,4568
1563,1351,-1317,-1810,-3634,5256
1967,1761,-1263,-2235,-4902,6329
1955,2498,-894,-2167,-6046,7063
1264,3257,-40,-1768,-7807,8059
-10984,-6675,9592,-8453,-10141,8602
-16392,-6586,10655,-12106,-8082,6764
-15643,7778,15533,-7410,-3635,6996
-13316,7820,16703,4133,2047,8989
-11315,-7974,28810,8090,13439,10178
-3861,-6092,27028,4568,20249,8340
512,-1271,26459,6274,21289,6845
4259,930,27231,9584,19482,3127
-32768,-14956,-32768,2468,2348,1068
-32768,-11288,17830,-1305,1022,-1081
8013,-9958,4219,-1934,1221,620
-4070,2434,-685,-2678,616,683
144,4566,4329,147,1856,343
1437,2802,129,565,941,-1332
1411,3024,140,-401,857,-1393
889,3381,84,-1058,698,-1432
374,3724,18,-802,592,-1479
29,4208,2,452,379,-1630
-136,4282,37,1714,162,-1834
-217,3984,165,3414,-230,-2200
-261,3496,676,4704,-609,-2652
-504,2109,1025,5162,-1081,-2986
-648,1777,969,4787,-1064,-3037
-909,1640,787,4103,-876,-3109
-1124,1607,705,3585,-744,-3114
-1278,1720,714,2920,-531,-3111
-1225,1826,777,2600,-314,-3129
-1258,2006,615,2492,-26,-3192
-1294,2007,391,2650,45,-3247
-1214,1884,380,2989,21,-3198
-1180,1683,494,3170,21,-3075
-1252,1207,358,3241,34,-2831
-1331,982,188,3202,71,-2629
-1173,793,101,3095,122,-2263
-1099,672,22,2999,151,-1972
-1102,452,-91,2866,166,-1555
-1243,300,-115,2701,162,-1249
-1547,-82,-340,1969,173,-355
-1621,-136,-497,1700,188,-120
-1642,-49,-677,1331,172,169
-1759,-5,-758,1111,121,351
-1904,150,-865,939,8,553
-1671,219,-1418,968,-405,849
-1725,254,-1446,939,-583,874
-1943,384,-1320,831,-825,867
-2024,482,-1161,765,-894,821
-2058,647,-1054,698,-899,702
-2057,715,-1041,662,-858,591
-2072,740,-970,613,-774,443
-2143,720,-930,544,-729,364
-2349,694,-884,386,-648,296
-2386,691,-917,269,-577,279
-2336,800,-1065,152,-470,255
-2180,926,-1161,151,-400,224
-2049,967,-1240,198,-351,108
-2150,1029,-1137,161,-401,32
-2173,1153,-1000,128,-448,23
-2127,1220,-938,71,-460,31
-2051,1249,-1028,-21,-441,33
-1945,1427,-1169,-176,-387,78
-1842,1672,-1487,108,-200,201
-1825,1594,-1521,331,-109,217
-1862,1415,-1394,642,24,252
-2424,921,-794,520,66,386
-2472,1019,-755,422,79,380
-2281,1146,-928,443,137,286
-2070,1138,-1061,527,162,185
-1806,902,-1200,622,108,42
-1766,728,-1198,572,10,7
-1879,726,-1144,439,-152,64
-2012,738,-1128,408,-225,120
-2072,688,-1118,388,-250,167
-2009,699,-1118,339,-206,154
-1998,712,-1079,288,-154,119
-1955,761,-1046,179,-93,69
-1976,763,-1011,107,-75,42
-1986,748,-1037,32,-68,3
-1946,730,-1097,-13,-82,-20
-1882,725,-1169,-98,-124,-64
-1903,772,-1157,-161,-133,-88
-1911,846,-1154,-253,-131,-88
-1907,901,-1167,-292,-110,-79
-1890,977,-1197,-328,-74,-44
-1960,1054,-1241,-326,-34,37
-2068,1094,-1228,-284,30,144
-2102,1115,-1209,-268,59,166
-2108,1157,-1186,-230,93,164
-2069,1197,-1203,-199,103,149
-1988,1219,-1157,-142,87,100
-1937,1153,-1117,-98,57,58
-1975,1100,-1084,-99,35,40
-2059,1019,-1022,-157,10,14
-2096,1015,-1001,-214,20,-11
-2098,1024,-937,-284,51,-79
-2094,1035,-909,-308,98,-111
-2095,981,-889,-312,173,-157
-2081,932,-874,-323,226,-174
-2080,927,-904,-346,289,-184
-2016,899,-948,-378,301,-190
-1826,874,-1061,-479,252,-196
-1745,896,-1124,-569,184,-207
-1764,1067,-1136,-655,95,-204
-1814,1163,-1106,-619,69,-182
-1838,1219,-1112,-533,72,-149
-1828,1240,-1109,-510,78,-140
-1740,1468,-1142,-463,-23,-97
-1736,1456,-1091,-75,-126,53
-1741,1373,-1052,8,-133,118
-1751,1293,-1007,62,-120,213
-1734,1252,-983,97,-127,285
-1689,1278,-942,146,-158,400
-1645,1309,-889,188,-198,474
-1484,1338,-850,228,-291,602
-1319,1345,-836,237,-362,718
-1110,1337,-903,225,-509,947
-781,1297,-969,182,-653,1163
-404,1327,-1065,134,-959,1585
-143,1411,-1102,117,-1237,1983
55,1345,-1116,64,-1682,2688
168,1246,-1168,-48,-1965,3167
258,1143,-1098,-351,-2380,3856
227,1137,-1089,-617,-2641,4272
-23,1256,-1032,-1116,-2947,4866
-382,1730,-1040,-1571,-3302,5552
-571,2118,-859,-1752,-3595,5987
-1881,2547,769,-2834,-4399,7039
-2379,2406,1609,-4125,-4720,7148
-3429,2532,2612,-4962,-5133,7168
-6920,1427,4457,-5457,-5830,6544
-14843,-219,6543,-4845,-2524,3999
-15261,-442,9842,-2623,1372,3683
-13258,-663,13359,-674,4691,4609
-9389,-2844,20871,2854,10542,6904
-6720,-4872,24940,5094,14434,7494
-2519,-6320,29525,6603,18471,6336
1318,-5169,31165,6675,19501,4733
15812,-5408,32767,6039,19270,2250
-32768,-21678,-32768,-853,-1752,-2228
7312,-7088,11767,-3862,377,-2215
-2430,-1270,-2217,-1925,1787,1160
-5006,-5122,5836,-4933,3192,2874
-256,7780,2683,-784,4740,4054
459,6485,575,3422,4263,3304
1569,3874,470,4902,2883,1336
2094,3079,244,3887,1889,311
2004,2233,-302,1541,737,-691
693,3350,-129,-2490,94,-1958
479,3991,-149,-2260,91,-2111
408,4399,-23,-838,-54,-2206
497,4400,314,401,-226,-2182
511,3867,689,2093,-523,-2100
267,3335,740,2877,-656,-2077
-78,2559,841,3395,-743,-2075
-684,1957,945,3261,-650,-2079
-987,1721,1032,3136,-633,-2070
-1217,1568,1029,3005,-590,-2088
-1488,1517,993,2851,-550,-2135
-1664,1521,987,2808,-511,-2172
-1710,1587,1155,2832,-401,-2267
-1691,1663,1162,2903,-329,-2302
-1770,1686,1061,3161,-246,-2383
-1763,1645,1010,3364,-196,-2416
-1716,1444,1019,3573,-87,-2462
-1639,1249,914,3578,-16,-2459
-1672,1043,681,3447,52,-2434
-1747,989,628,3324,75,-2384
-1829,917,438,3174,78,-2272
-1702,568,-41,2932,94,-1953
-1739,530,-171,2837,97,-1817
-1727,526,-231,2742,46,-1565
-1741,540,-298,2706,13,-1391
-1623,420,-367,2600,-44,-1099
-1635,323,-516,2395,-54,-884
-1622,333,-558,2244,-75,-727
-1669,379,-586,2014,-144,-482
-1765,360,-622,1885,-193,-325
-1689,344,-803,1684,-271,10
-1804,314,-869,1493,-305,186
-1906,349,-824,1352,-329,292
-2014,437,-902,1213,-363,404
-1992,476,-978,1172,-378,445
-2002,514,-1085,1099,-365,452
-2018,561,-1094,1043,-350,444
-2005,585,-1071,925,-311,427
-1998,669,-1088,832,-303,439
-1978,780,-1154,755,-287,465
-1909,892,-1231,749,-279,465
-1816,862,-1406,755,-295,439
-2127,1245,-1043,645,-652,649
-1612,1461,-1353,540,-658,690
-1147,1611,-1679,463,-658,692
-971,1852,-1940,546,-681,695
-1145,1903,-1795,843,-622,731
-1552,1632,-1346,1348,-443,829
-1742,1368,-1113,1492,-354,906
-1861,1067,-938,1370,-337,994
-1873,926,-890,1164,-412,1008
-1894,1001,-901,841,-605,963
-1993,1077,-967,720,-755,895
-2072,1249,-949,894,-1162,631
-2230,1155,-846,1090,-1315,463
-2285,1067,-820,1181,-1367,348
-2263,886,-842,1223,-1344,168
-2242,820,-831,1183,-1284,41
-2232,739,-879,1068,-1127,-127
-2320,681,-921,1033,-981,-196
-2311,635,-885,1053,-887,-207
-2231,532,-882,1067,-775,-165
-2151,492,-891,1029,-713,-124
-1835,368,-929,688,-674,70
-1711,375,-964,537,-754,206
-1748,393,-957,468,-848,311
-1890,386,-896,413,-1032,484
-1965,348,-855,382,-1154,607
-1939,226,-808,241,-1283,788
-1883,248,-788,79,-1330,907
-1903,373,-750,-178,-1342,1134
-1916,511,-748,-291,-1330,1300
-2168,704,-743,-342,-1317,1541
-2237,839,-624,-297,-1291,1665
-2459,1014,-603,-230,-1204,1797
-2445,1150,-613,-185,-1031,1800
-2239,1163,-609,-215,-719,1693
-2275,1211,-587,-238,-569,1674
-2373,1280,-545,-231,-495,1663
-2426,1448,-518,-148,-432,1614
-2341,1532,-560,-33,-401,1557
-2201,1573,-617,230,-383,1441
-2134,1577,-692,445,-380,1391
-2081,1518,-762,800,-414,1396
-1981,1168,-749,990,-395,1686
-1956,1238,-767,929,-316,1784
-1977,1483,-947,952,-183,1932
-1975,1672,-1045,1112,-158,2059
-1922,1826,-1112,1569,-169,2280
-1866,1850,-1083,1957,-199,2434
-1771,1749,-780,2376,-197,2622
-1724,1542,-767,2389,23,2762
-1670,1513,-887,2235,164,2821
-1545,1490,-1109,2078,228,2921
-1486,1562,-1148,2045,261,2998
-1236,1785,-952,2029,233,3085
-1130,1893,-833,2013,302,3172
-998,1808,-1016,2031,444,3126
-884,1812,-1154,1972,464,3023
-742,1810,-1272,1952,446,2948
-342,1912,-1170,2090,367,3047
-158,1909,-1340,2077,374,3073
19,1910,-1430,2111,355,3066
290,1888,-1481,2250,263,3068
390,1811,-1519,2388,174,3080
262,1348,-1921,2770,-1,3122
340,963,-1892,2661,-40,3024
375,709,-1869,2409,-38,2960
470,406,-1867,1747,-47,2799
704,292,-1816,990,-54,2688
849,303,-1854,493,-92,2615
980,320,-1891,-167,-192,2456
969,312,-1855,-550,-272,2288
883,274,-1822,-1077,-317,1949
751,325,-1850,-1389,-304,1694
599,470,-1894,-1744,-242,1313
596,656,-1900,-1863,-199,1086
593,905,-1937,-1816,-145,830
568,1039,-1961,-1633,-117,680
521,1262,-2058,-1133,-74,477
480,1309,-2090,-677,-62,349
436,1140,-2042,-86,-24,195
402,954,-1956,159,17,135
388,633,-1916,218,156,157
355,596,-1945,55,233,210
528,752,-2024,-34,231,240
538,580,-1921,-166,169,240
504,550,-1923,-353,164,260
508,674,-2000,-576,194,258
516,774,-2038,-634,215,236
526,871,-1972,-619,233,184
529,904,-2000,-555,243,138
477,927,-2018,-419,256,30
464,922,-2046,-333,273,-50
448,914,-1997,-230,299,-133
426,929,-1977,-157,325,-175
380,944,-1987,-20,369,-234
368,959,-1994,103,398,-292
389,929,-1945,246,401,-349
400,908,-1892,266,403,-349
421,860,-1856,204,419,-285
376,833,-1835,108,434,-259
412,895,-1817,-37,486,-260
545,943,-1745,-133,508,-276
785,962,-1693,-289,559,-296
952,1070,-1654,-453,626,-286
804,1466,-1747,-19,699,-385
762,1463,-1734,189,645,-381
669,1362,-1676,392,593,-341
650,1317,-1652,434,590,-275
696,1296,-1612,398,616,-182
742,1296,-1577,355,617,-135
883,1381,-1547,320,593,-57
950,1401,-1564,323,565,11
925,1393,-1628,329,499,67
851,1359,-1624,329,448,66
775,1282,-1582,311,396,8
782,1265,-1587,283,360,-57
855,1198,-1560,242,330,-157
906,1139,-1565,200,319,-214
919,1118,-1531,146,303,-276
940,1070,-1510,98,301,-293
914,1045,-1498,7,297,-275
841,1071,-1531,-63,281,-234
798,1096,-1532,-77,265,-202
816,1131,-1540,-34,215,-142
826,1123,-1532,-1,163,-92
864,1120,-1503,86,41,92
937,1056,-1469,77,28,154
941,1021,-1478,-77,70,197
968,1100,-1452,-110,96,201
949,1132,-1488,-87,115,202
785,1112,-1541,-43,129,168
735,1104,-1536,-23,130,138
762,1096,-1521,-5,115,107
803,1097,-1522,-5,91,94
811,1055,-1506,-24,70,79
796,1047,-1494,-66,75,76
836,1091,-1484,-97,86,78
862,1128,-1469,-122,97,87
879,1150,-1459,-187,118,72
890,1193,-1446,-203,135,-10
875,1226,-1412,-196,143,-47
900,1260,-1439,-155,148,-91
885,1246,-1424,-111,157,-97
880,1218,-1462,-38,164,-96
890,1184,-1448,9,169,-88
889,1113,-1449,39,170,-60
881,1148,-1503,47,156,2
880,1158,-1525,88,145,1
873,1154,-1534,136,137,-20
892,1129,-1526,141,142,-25
927,1058,-1517,99,143,-43
959,1100,-1529,23,121,-60
950,1147,-1564,40,95,-55
937,1161,-1561,64,84,-46
947,1117,-1532,105,76,-22
897,1006,-1468,71,81,-20
924,1129,-1536,56,91,18
922,1046,-1484,66,74,8
959,973,-1456,10,57,-14
904,1032,-1471,-66,56,-24
900,1121,-1497,-74,61,-51
925,1255,-1493,23,38,-114
930,1135,-1443,77,30,-163
895,950,-1392,31,46,-210
890,848,-1387,-79,76,-199
932,1091,-1488,-267,86,-153
916,1163,-1508,-318,78,-156
891,1231,-1594,-413,-16,-216
851,1252,-1538,-445,-14,-190
876,1319,-1531,-409,-14,-166
848,1440,-1518,-232,-4,-125
845,1513,-1539,-15,2,-79
857,1470,-1543,311,7,-6
865,1383,-1530,478,-6,41
