-0.14,0.08,-0.51,-0.18,-0.27,0.12,0.02,0.08,0.30,0.05,0.12,0.02
-0.52,0.36,-0.85,-0.53,-0.60,-0.12,0.07,0.12,0.09,0.09,0.09,0.21
-0.88,0.39,-0.52,-0.43,-0.31,-0.43,0.08,0.03,0.06,0.12,0.16,0.11
-0.97,0.21,-0.41,-0.01,0.03,-0.17,0.07,0.02,0.02,0.05,0.01,0.09
-0.92,0.28,-0.54,0.01,0.06,-0.01,0.03,0.02,0.02,0.04,0.01,0.02
-0.97,0.30,-0.57,-0.05,0.06,-0.02,0.04,0.01,0.02,0.02,0.00,0.01
-1.01,0.26,-0.54,0.00,-0.01,0.03,0.05,0.02,0.03,0.03,0.01,0.01
-0.99,0.23,-0.52,-0.03,-0.00,0.05,0.04,0.03,0.02,0.01,0.01,0.01
-1.25,-0.26,-0.45,0.71,0.82,1.11,0.34,0.33,0.15,3.34,1.48,3.25
-0.58,-0.46,-0.78,0.67,0.81,1.02,1.12,0.35,0.31,3.50,1.53,3.60
0.14,0.10,-0.98,-0.77,-0.32,-0.73,0.11,0.29,0.07,0.60,0.18,0.55
-0.45,0.47,-0.66,-0.95,-0.52,-1.04,0.24,0.04,0.05,0.40,0.04,0.17
-1.00,0.33,-0.48,-0.11,-0.13,-0.47,0.10,0.05,0.03,0.26,0.09,0.12
-1.08,0.17,-0.46,0.13,0.05,-0.10,0.06,0.01,0.02,0.03,0.04,0.03
-0.99,0.26,-0.48,-0.02,0.00,0.01,0.02,0.01,0.01,0.00,0.00,0.00
-0.97,0.31,-0.50,-0.02,0.01,0.03,0.02,0.00,0.01,0.00,0.00,0.00
-1.14,-0.04,-0.59,0.12,0.18,0.13,0.14,0.36,0.04,0.17,0.10,0.07
-0.94,-0.46,-0.63,0.87,0.69,0.84,0.79,0.47,0.29,2.96,1.99,3.64
-0.31,-0.31,-0.81,0.69,0.51,0.74,0.60,0.30,0.32,3.05,2.08,3.73
-0.02,0.05,-1.04,-0.47,-0.23,-0.42,0.01,0.04,0.02,0.22,0.06,0.24
-0.28,0.34,-0.87,-0.83,-0.45,-0.78,0.12,0.05,0.06,0.13,0.02,0.08
-0.83,0.42,-0.56,-0.44,-0.33,-0.54,0.12,0.03,0.05,0.22,0.04,0.05
-1.01,0.26,-0.44,-0.03,-0.09,-0.25,0.07,0.02,0.02,0.02,0.04,0.03
-0.98,0.24,-0.46,-0.01,0.02,-0.07,0.04,0.01,0.01,0.00,0.01,0.01
-0.98,0.29,-0.45,-0.00,-0.00,-0.00,0.04,0.00,0.01,0.00,0.00,0.00
-0.97,0.30,-0.46,-0.00,0.00,0.02,0.04,0.00,0.01,0.00,0.00,0.00
-0.98,0.31,-0.47,-0.01,0.00,0.02,0.02,0.00,0.00,0.00,0.00,0.00
-0.98,0.31,-0.47,-0.01,0.00,0.02,0.02,0.00,0.00,0.00,0.00,0.00
-0.98,0.30,-0.48,0.00,0.00,0.02,0.02,0.00,0.00,0.00,0.00,0.00
-1.25,-0.21,-0.49,0.48,0.32,0.47,0.15,0.52,0.12,1.40,0.25,1.47
-0.81,-0.50,-0.70,0.76,0.67,0.98,0.95,0.64,0.36,2.47,1.80,4.75
0.01,-0.03,-0.92,-0.15,0.18,0.09,0.40,0.42,0.22,1.99,1.94,4.63
-0.25,0.39,-0.79,-0.85,-0.35,-0.88,0.19,0.07,0.06,0.39,0.02,0.37
-0.90,0.40,-0.51,-0.32,-0.32,-0.57,0.14,0.06,0.04,0.46,0.03,0.23
-1.10,0.24,-0.42,0.11,-0.14,-0.17,0.04,0.02,0.01,0.03,0.05,0.01
-1.01,0.27,-0.45,-0.01,0.03,-0.05,0.02,0.01,0.01,0.00,0.00,0.00
-0.99,0.33,-0.45,-0.01,0.03,0.01,0.02,0.00,0.00,0.00,0.00,0.00
-0.98,0.33,-0.46,0.01,0.01,0.02,0.02,0.00,0.00,0.00,0.00,0.00
-0.98,0.33,-0.47,0.01,0.01,0.01,0.02,0.00,0.00,0.00,0.00,0.00
-0.98,0.32,-0.48,0.01,-0.00,0.01,0.02,0.00,0.00,0.00,0.00,0.00
-0.96,0.30,-0.47,0.00,-0.01,0.01,0.04,0.00,0.01,0.00,0.00,0.00
-0.94,0.27,-0.44,-0.05,-0.03,-0.00,0.06,0.01,0.01,0.00,0.00,0.00
-1.03,0.19,-0.42,-0.11,0.01,-0.01,0.09,0.02,0.01,0.01,0.01,0.00
-1.17,-0.28,-0.43,0.90,0.76,0.96,0.54,0.53,0.16,3.09,2.41,3.82
-0.53,-0.42,-0.68,0.57,0.58,0.68,1.01,0.50,0.23,4.48,2.80,4.72
-0.22,0.26,-0.78,-1.00,-0.38,-0.91,0.24,0.25,0.05,0.84,0.14,0.48
-0.87,0.47,-0.48,-0.51,-0.34,-0.79,0.14,0.07,0.04,0.71,0.07,0.32
-1.11,0.22,-0.34,0.11,-0.15,-0.20,0.03,0.02,0.01,0.03,0.03,0.03
-1.04,0.20,-0.36,0.03,-0.02,-0.05,0.05,0.01,0.01,0.00,0.01,0.00
-0.99,0.26,-0.35,-0.02,0.02,-0.01,0.06,0.01,0.01,0.00,0.00,0.00
-1.01,0.28,-0.36,-0.02,0.01,0.02,0.04,0.00,0.01,0.00,0.00,0.00
-1.03,0.28,-0.37,-0.02,0.01,0.01,0.02,0.00,0.00,0.00,0.00,0.00
-1.02,0.29,-0.38,-0.02,0.00,0.01,0.02,0.00,0.00,0.00,0.00,0.00
-1.02,0.28,-0.38,-0.01,-0.00,0.01,0.02,0.00,0.00,0.00,0.00,0.00
-1.03,0.28,-0.37,0.00,0.00,0.02,0.02,0.00,0.00,0.00,0.00,0.00
-1.08,0.21,-0.39,0.01,0.06,0.04,0.04,0.02,0.01,0.00,0.02,0.00
-1.16,-0.27,-0.33,0.94,0.84,0.99,0.53,0.63,0.19,2.44,2.31,3.62
-0.43,-0.37,-0.68,0.56,0.70,0.58,1.07,0.62,0.39,3.52,2.60,4.73
-0.05,0.27,-0.91,-0.90,-0.31,-0.95,0.19,0.18,0.07,0.35,0.11,0.26
-0.72,0.54,-0.55,-0.57,-0.42,-0.74,0.14,0.02,0.04,0.36,0.02,0.23
-1.03,0.36,-0.39,0.06,-0.18,-0.26,0.03,0.03,0.01,0.07,0.05,0.02
-1.04,0.27,-0.39,0.10,-0.01,-0.10,0.02,0.01,0.01,0.02,0.00,0.01
-1.00,0.32,-0.40,-0.01,-0.01,-0.02,0.02,0.00,0.00,0.00,0.00,0.00
-1.00,0.34,-0.41,-0.02,0.01,-0.02,0.02,0.00,0.00,0.00,0.00,0.00
-0.98,0.31,-0.39,-0.02,-0.02,-0.02,0.04,0.01,0.01,0.00,0.00,0.00
-0.99,0.31,-0.38,-0.01,-0.02,-0.00,0.04,0.01,0.01,0.00,0.00,0.00
-1.02,0.31,-0.39,0.00,0.00,0.02,0.02,0.00,0.00,0.00,0.00,0.00
-1.01,0.31,-0.39,0.01,0.00,0.02,0.02,0.00,0.00,0.00,0.00,0.00
-1.07,0.21,-0.41,0.01,0.04,0.03,0.04,0.02,0.01,0.00,0.01,0.00
-1.02,-0.38,-0.38,0.93,0.89,0.94,0.91,0.54,0.18,2.76,2.34,2.98
-0.32,-0.41,-0.67,0.44,0.74,0.55,1.23,0.58,0.32,4.21,2.66,4.06
-0.13,0.38,-0.82,-1.02,-0.28,-0.91,0.22,0.19,0.07,0.43,0.07,0.28
-0.74,0.55,-0.49,-0.47,-0.28,-0.73,0.12,0.04,0.04,0.47,0.01,0.17
-0.98,0.34,-0.36,0.08,-0.11,-0.29,0.06,0.02,0.02,0.02,0.02,0.02
-1.00,0.27,-0.37,0.04,-0.01,-0.12,0.06,0.01,0.01,0.01,0.00,0.01
-1.00,0.29,-0.37,0.02,-0.02,-0.01,0.04,0.01,0.01,0.00,0.00,0.00
-1.01,0.32,-0.36,-0.02,-0.01,0.00,0.02,0.00,0.00,0.00,0.00,0.00
-1.02,0.32,-0.36,-0.01,-0.01,-0.00,0.02,0.00,0.00,0.00,0.00,0.00
-1.02,0.31,-0.37,0.00,-0.00,0.00,0.02,0.00,0.00,0.00,0.00,0.00
-1.02,0.30,-0.37,-0.00,-0.01,0.02,0.02,0.00,0.00,0.00,0.00,0.00
-1.00,0.30,-0.36,0.00,-0.01,0.02,0.04,0.00,0.01,0.00,0.00,0.00
-1.03,0.22,-0.38,0.04,0.03,0.03,0.09,0.02,0.01,0.00,0.00,0.00
-1.04,-0.29,-0.25,0.93,0.86,0.90,0.91,0.63,0.33,3.39,2.79,3.49
-0.40,-0.25,-0.52,0.21,0.61,0.21,1.29,0.76,0.50,5.58,3.36,5.59
-0.30,0.36,-0.75,-0.94,-0.42,-0.97,0.34,0.14,0.07,0.70,0.10,0.65
-0.96,0.43,-0.44,-0.17,-0.30,-0.40,0.05,0.02,0.03,0.20,0.02,0.13
-1.09,0.30,-0.33,0.11,-0.10,-0.19,0.03,0.01,0.00,0.01,0.02,0.00
-1.04,0.27,-0.35,-0.01,0.02,-0.10,0.02,0.00,0.00,0.01,0.00,0.01
-0.99,0.30,-0.35,-0.07,0.02,-0.00,0.04,0.00,0.01,0.00,0.00,0.00
-0.99,0.32,-0.36,-0.04,0.02,0.01,0.04,0.00,0.01,0.00,0.00,0.00
-1.01,0.33,-0.37,-0.00,0.01,0.02,0.02,0.00,0.00,0.00,0.00,0.00
-1.01,0.32,-0.38,0.01,0.01,0.01,0.02,0.00,0.00,0.00,0.00,0.00
-1.01,0.32,-0.39,0.02,0.00,0.02,0.02,0.00,0.00,0.00,0.00,0.00
-1.00,0.31,-0.39,0.01,-0.00,0.02,0.02,0.00,0.00,0.00,0.00,0.00
-1.22,-0.13,-0.45,0.29,0.21,0.23,0.14,0.53,0.05,0.50,0.14,0.27
-0.79,-0.39,-0.52,0.68,0.74,0.74,1.10,0.60,0.37,4.49,2.80,4.39
-0.24,0.16,-0.61,-0.26,0.32,-0.09,0.68,0.40,0.35,5.32,3.16,5.51
-0.68,0.51,-0.55,-0.78,-0.36,-0.78,0.20,0.03,0.05,0.51,0.03,0.36
-1.03,0.45,-0.38,-0.06,-0.16,-0.27,0.03,0.01,0.01,0.10,0.02,0.01
-1.02,0.35,-0.37,0.12,-0.01,-0.16,0.02,0.01,0.01,0.01,0.01,0.01
-1.00,0.32,-0.38,0.05,0.01,-0.05,0.02,0.00,0.00,0.01,0.00,0.00
-1.00,0.34,-0.39,-0.00,0.01,0.00,0.02,0.00,0.00,0.00,0.00,0.00
-0.99,0.34,-0.40,0.01,0.01,0.02,0.02,0.00,0.00,0.00,0.00,0.00
-0.97,0.34,-0.40,0.01,-0.00,0.02,0.04,0.01,0.01,0.00,0.00,0.00
-0.97,0.33,-0.40,0.01,-0.01,0.01,0.04,0.01,0.01,0.00,0.00,0.00
-1.00,0.32,-0.41,-0.01,0.01,0.01,0.02,0.00,0.00,0.00,0.00,0.00
-1.24,-0.24,-0.36,0.88,0.74,1.05,0.31,0.65,0.19,2.81,2.07,4.50
-0.60,-0.23,-0.63,0.45,0.54,0.55,1.24,0.97,0.36,4.61,2.55,6.39
-0.18,0.41,-0.77,-0.85,-0.45,-0.80,0.47,0.33,0.11,0.89,0.14,0.70
-0.87,0.48,-0.45,-0.45,-0.44,-0.46,0.11,0.01,0.03,0.20,0.04,0.08
-1.06,0.41,-0.31,-0.01,-0.15,-0.26,0.03,0.01,0.01,0.03,0.09,0.00
-1.00,0.35,-0.33,0.03,0.04,-0.13,0.02,0.01,0.01,0.01,0.00,0.01
-0.99,0.36,-0.35,-0.02,0.02,-0.02,0.02,0.00,0.01,0.00,0.00,0.00
-1.00,0.36,-0.36,-0.02,0.02,-0.01,0.02,0.00,0.00,0.00,0.00,0.00
-1.00,0.36,-0.36,-0.02,0.01,0.00,0.02,0.00,0.00,0.00,0.00,0.00
-1.00,0.36,-0.36,-0.02,0.01,0.00,0.02,0.00,0.00,0.00,0.00,0.00
-0.98,0.35,-0.35,-0.01,0.00,0.01,0.04,0.01,0.01,0.00,0.00,0.00
-0.98,0.34,-0.36,-0.00,0.00,0.01,0.04,0.01,0.01,0.00,0.00,0.00
-1.00,0.34,-0.37,-0.01,0.01,0.02,0.02,0.00,0.00,0.00,0.00,0.00
-1.26,-0.28,-0.23,1.10,1.00,0.93,0.28,0.54,0.33,3.64,3.04,3.33
-0.61,-0.48,-0.39,0.51,0.89,0.56,1.36,0.64,0.57,6.72,3.44,4.93
-0.11,0.30,-0.73,-1.08,-0.24,-0.85,0.50,0.44,0.18,1.47,0.19,0.87
-0.68,0.59,-0.58,-0.53,-0.30,-0.66,0.05,0.02,0.05,0.26,0.01,0.16
-0.94,0.49,-0.39,-0.01,-0.17,-0.27,0.03,0.01,0.01,0.03,0.03,0.01
-1.01,0.39,-0.39,0.10,-0.06,-0.12,0.02,0.01,0.00,0.01,0.01,0.01
-0.98,0.32,-0.38,0.06,-0.05,0.14,0.02,0.01,0.00,0.01,0.01,0.07
-0.86,0.49,-0.45,0.50,0.27,0.62,0.05,0.04,0.02,0.30,0.10,0.14
-0.40,0.47,-0.73,0.76,0.60,0.54,0.14,0.06,0.08,0.24,0.07,0.19
-0.00,0.25,-0.97,0.30,0.38,0.02,0.01,0.01,0.07,0.18,0.12,0.04
0.04,0.22,-1.04,0.08,0.07,-0.19,0.00,0.00,0.05,0.00,0.00,0.01
-0.01,0.22,-1.03,0.06,0.09,-0.26,0.00,0.00,0.02,0.01,0.00,0.00
